1.285967089607902292e-01
7.380165581930531182e-02
9.169107208441995560e-03
-1.267189515372043607e-01
-1.732385934105784009e-01
-1.467486662656348750e-01
1.895556012965515236e-01
1.041735030889439639e-01
-1.208446167832955553e-01
-1.498932710417196779e-01
-1.702439891443741082e-01
-1.716291567749970159e-01
-9.792166087468728852e-02
-2.011339643734663674e-01
1.752012873393143932e-01
-3.323874754393885134e-02
1.760084168140507721e-01
3.027127723725362429e-01
1.742012387929481321e-01
4.238943268928748509e+00
3.132336905493002366e+00
5.784145242204736803e-01
2.403847590586928873e-01
3.830504557372278462e-01
3.160919596169148305e-02
-1.924272950729595810e-01
-2.189323930833682041e-01
-2.297965982873712010e-01
-1.907372341116042591e-01
-1.780304289492943282e-01
-1.493787100654807576e-01
-1.141150332245066679e-01
-1.352070822976818576e-01
-2.009876943690549478e-01
-2.966785889832374012e-01
-3.488974184816695523e-01
-1.575020492954041229e-01
2.281157219020586879e+00
2.273297803363893088e+00
1.777075936333964279e+01
2.767987134712548425e+01
1.256308960487922022e+01
6.679830709664393851e+00
2.934528522125096073e-02
6.756880509754478181e-01
9.862752329993429434e-02
7.977636035316248986e-02
5.129445022691592193e-02
4.661667960723914206e-02
2.753891635845207020e-02
1.051819167051848414e-02
1.089990486001280456e-01
8.823736664666292917e-02
1.906771079486697662e-01
9.185853405605748367e-02
1.227098473275842760e-01
1.386477573373450234e-01
6.414843257572555579e-02
7.502150468615875756e-02
1.047502265349686823e-01
3.404871107543117059e-02
-3.110865995563438791e-02
-9.666011831339704763e-02
-1.509503963549877481e-01
-2.131675778765291240e-01
-2.011647967573749196e-01
-2.023713823092794239e-01
-2.147466520254471822e-01
-2.219118042246462918e-01
-2.304298619353326583e-01
-2.241823542636572353e-01
-2.266996793163846835e-01
-2.663021875559775653e-01
-2.274677429056957134e-01
-1.322252642431780423e-01
-5.279622101428976810e-02
1.758949030970069494e-02
1.646940841693467217e-01
1.226891443830018247e-01
8.230370704795175740e-02
-8.456683356539818064e-03
-6.084957948030272901e-02
-1.123850784060530517e-01
-1.618439538627776120e-01
-2.098021204625594160e-01
-1.635958792712266519e-01
-1.471738320796958654e-01
-8.772008913772172400e-02
-5.364652887987220176e-02
-9.062178392566400120e-03
-3.850169551486426478e-04
1.159430323203891611e-02
-4.183015965619696352e-02
-1.334992465194944078e-01
-1.185215379447703277e-01
-2.896322783470611784e-01
4.138866505050826206e+00
9.763687122129031337e+00
9.830613628019374772e+00
5.114755261870138625e+00
7.462293780809353017e+00
2.526974696956091337e-01
-1.689504065708962166e-01
-8.080109907808324943e-02
1.873440390569602876e-02
-2.187855346952244373e-02
-9.030532467896912330e-02
-1.076012548007229119e-01
-1.679410281307593400e-01
-1.651217409885993304e-01
-1.868753373052256528e-01
-1.708330415464882623e-01
-7.775757984089604058e-02
3.663043046222913546e-02
1.461034647453613999e-01
2.519000915050833012e-01
3.510998908562645848e-01
4.175896453065608416e-01
4.190699811936940966e-01
4.385779224031614021e-01
3.010735548642524684e-01
2.166894909044180251e-01
1.591839962176709866e-01
8.527192345579259758e-02
1.304970169343933062e-02
5.088621210143140505e-02
6.023267886617333922e-02
4.765075510358207644e-02
2.532605901443718555e-02
1.928432609672336984e-02
1.295778963586380339e-02
1.607854874174918791e-02
4.900055963986593710e-02
8.184527760528359508e-02
1.210100391934640918e-01
1.709026695127797701e-01
2.395614613428325157e-01
2.825319062285912564e-01
2.994627868027317508e-01
7.681088617930411644e-01
7.229015007549646210e-01
4.157190569690434323e-01
5.243603829873533240e-01
3.553032846131067846e-01
1.446287647358782680e-01
2.286653023808664087e-01
3.462808706331466091e-01
5.112773627404854082e-02
3.953234885741983895e+00
7.696650390893535754e-01
8.378664588060222851e-01
2.857450174496561912e-01
7.560990362666764053e-02
-2.121493492777217771e-01
-3.224700119696928269e-01
2.357489244190499278e+01
2.741505598329774784e+01
2.643794037041680411e+01
6.733596554902250730e+00
2.025980240345279171e+01
3.342472310009772940e+01
3.770351542241045628e+00
4.663999845627238905e+00
1.043725887455156176e+01
1.459016135944528259e+01
1.661677458915211503e+01
1.618591836109615656e+01
1.776572790337011298e+01
8.109171516456386897e+00
6.350209616956085767e+00
7.745734449061385973e+00
9.721967064834194261e+00
7.638309194055411311e+00
3.777660732101046470e+00
4.260844411689821420e-01
1.093435736435257377e+00
7.313477810672409651e-01
3.471883904061067838e+00
1.249439870633934468e+00
3.374950283522561989e-01
2.051258377994789051e-01
1.364273764220583773e-01
1.065953743156295985e-01
2.593892974403134710e-01
7.294204697106148050e-01
1.312562562287799217e+00
2.033895012085614518e+00
3.025959442012795986e+00
3.099131608898608281e+00
4.180274911821335593e+00
5.143548347245825880e+00
1.505167698638047824e+01
6.227542314314218785e+00
6.517439725827260055e+00
2.757509404392038377e+01
2.124789125409154522e+01
3.790241662004602574e+01
1.560862969894249375e+01
4.902139806232154839e+00
1.808674876697605294e+00
3.793396607717653968e-01
1.558427935858124336e-01
4.796951121459747114e-02
-3.971822630132432197e-02
-1.225874520372172150e-01
-9.223849796726835137e-02
-6.640962040533676669e-02
-3.218318065289477170e-02
3.768001094003936569e-02
5.346802338413100264e-01
1.627991900585700202e-01
1.636457288919992870e+00
1.433203441477974849e-01
8.535227139751347947e-01
6.446242672656024020e+00
6.336822166250311028e+01
8.344599482457422823e+01
8.288084227578565333e+01
8.572369717382635201e+01
7.288073295629303061e+01
2.149109975874923251e+01
2.894786173628358217e+00
-5.715909850716904828e-03
1.277980806997902619e-02
-6.130010167612293115e-02
-5.890503699060978260e-02
-6.733600517503024463e-02
-8.571184952034199833e-02
-9.906853105161883555e-02
-1.247562351452340956e-01
-1.477099438426032196e-01
-1.436052635865324167e-01
9.688108417184171373e-02
2.249315013197472624e-03
6.815455650884927330e-02
1.068731465825335514e-01
1.966008179655461818e-01
1.921731451771508947e-01
1.966298482928022784e-01
1.993627533284942910e-01
1.454861855736099274e-01
1.148987774719092414e-01
7.564873805429961351e-02
2.944192542624957110e-02
-5.770860132146782284e-03
4.771750917090444855e-02
2.620445149946304397e-02
2.265888839567486990e-02
2.478370912521055125e-02
6.160988765684072277e-02
1.666536173843563562e-01
4.460199319523608930e-01
6.341214494466229645e-01
8.444985512925891058e-01
2.027505524208141452e+00
1.675652229969692320e+00
4.009542899950128358e+00
1.300305832516291504e+00
2.103348158606253016e+00
8.656820301971923648e-01
5.390453500550881349e-01
2.519285204567284220e-01
5.504323708731440057e-02
-1.071758931851077290e-01
-2.012330001750373132e-01
-2.097529009595434646e-01
-1.816286877852822390e-01
-1.645835149927352692e-01
6.978595907570850354e-02
-1.401948610388835670e-01
-1.347091456112814445e-01
-1.753024050190976624e-01
1.221653246735145082e+01
1.963919028153716084e+01
4.324929791429548231e+01
5.085831938309449640e+01
5.887744712079678777e+01
5.850841544944837835e+01
6.392564597271072557e+01
6.225579855120754758e+01
3.236182929967815092e+00
5.170265511025752936e+00
4.883145157211934428e-01
4.770233787041023854e-01
3.909804727202457197e-01
5.006102216707348784e-01
5.255247692222775324e-01
5.006886579339555610e-01
3.314947138276861160e+00
3.557688307571312158e+00
3.640823401910770585e+00
6.095687681939511160e-01
3.152000934476286265e+00
5.670202962813671865e-01
3.697905367140095212e-01
1.055979333821129851e-01
1.942365113261295129e-01
2.319069247314526905e-01
2.531335841445820911e-01
2.861037999430948719e-01
2.054012151387663021e-01
1.431386300399899447e-01
8.375021194370635413e-02
2.876968893014042461e-02
-4.546613472036992176e-02
-3.945658372740262765e-02
-5.707931265409171839e-02
-4.360054237455046611e-02
-4.857226180103824120e-02
-3.670346872467433741e-02
-4.814098862863808170e-02
1.282411275733938982e-01
2.455469298503258901e-01
4.035145628504646087e-01
5.762377918890200235e-01
7.554818089840855677e-01
6.131129720898211843e-01
5.943481078388815897e-01
4.617649431741032151e-01
3.586441035559951862e-01
2.059771270153747391e-01
8.701005994186028492e-02
-1.107423752976222087e-02
-1.298160752883988911e-01
-2.005821769408297484e-01
2.592917995782567653e-02
-2.426030685705944379e-01
-2.457492858410011971e-01
-2.336514069946319383e-01
-2.258879103477008932e-01
-1.650000442206800422e-01
-2.344533023189980248e-01
-3.308513499422054416e-01
3.017561202406904286e-02
4.300925389917326314e+00
2.225409852318594517e+01
2.964013658921058436e+01
4.876029417609395011e+01
5.211972549460519843e+01
5.214613748083111489e+01
4.154755873770401564e+01
3.014870343369090477e+01
1.232960505724319056e+01
1.028745902382074195e+00
-9.414323378492434058e-02
-8.399400798290407311e-02
7.220805835133714545e-01
1.035037520092267016e+00
1.759860340341734108e+00
1.256940086648329569e+01
1.215983341763038794e+01
8.779265871965489243e-01
-5.093019607375431912e-02
-2.186847945996511777e-02
3.888424677541468810e-03
8.606691455705184346e-02
2.113893427348093601e-01
6.292730361562276498e-01
3.633853563899669403e-01
4.875274077741278411e-01
4.063002894899832018e-01
4.190076123982160450e-01
1.221677303871573805e+00
7.230306876587175857e-01
1.013585133931061977e-01
2.099775116395352637e-01
-2.221371130061000621e-01
-2.333869784146535009e-01
-2.335831202372102289e-01
-2.351031776752324221e-01
-9.785521740973757154e-02
4.140722868963431225e-02
9.544650960388482153e-01
6.266134539873401410e-01
1.497244101092951141e+00
1.185983215624714315e+00
1.047872360599089170e-01
3.312279470552196514e+00
1.756159240404679966e-01
4.019204759667776905e+00
4.268691303560573580e+00
5.899761685960001500e+00
2.998957624093947505e-01
7.906733805175100827e+00
1.995212137709866385e-01
1.035629085844400610e-01
1.380472505149124007e-01
1.689889027348250305e-01
1.927469514249845473e-01
2.281130905856328939e-01
1.483772480530497484e-01
7.550186406770253988e-02
-6.291286459046441237e-02
-1.836997718151942571e-01
-2.812092578492360051e-01
-1.278708956148680853e-01
1.350640290604052662e-01
1.940182734764426264e-01
2.117893362194431806e-01
1.719369144549420803e-01
-8.522970092926174246e-02
-1.106671471806519591e-01
-2.018475080606135785e-01
-4.825123552578325370e-02
7.572988607045161302e-02
1.979887671478497424e-03
-6.280687079275298901e-02
-1.069490192471266310e-01
-1.241095054247066676e-01
-2.038416796783489859e-01
-6.437130260685530736e-02
3.897562657501581374e+00
3.591869983690849200e+00
-4.211438606459966261e-02
-1.078013794413797410e-01
2.016705006008567835e-02
1.569188176136259161e-01
1.503732243273540048e-01
1.911027424070295133e-01
2.915834178555405387e-01
3.751703558277688089e-01
3.903044913251886294e-01
4.199096930067491851e-01
2.731975370930097569e-01
7.169036028988196030e-02
-9.902952930941738563e-02
-1.110443515099880929e-01
-1.311821751458831509e-01
-1.313340897527358053e-01
-1.321652032459362247e-01
9.835082088279989421e-03
1.846826655540280138e-01
3.054613742058323034e-01
4.280438198494103119e-01
5.499999146229822555e-01
4.225097447257200045e-01
3.020876476685643297e-01
2.532037627691490211e-01
1.953860709849188915e-01
1.315466123758641803e-01
2.598901048399104852e-03
-9.001406763985853043e-02
2.000199400588015264e-01
-2.402841847757423710e-01
-2.949376223973222966e-01
-2.616380187049823225e-01
-2.472564687758103674e-01
-1.836491968662977148e-01
-1.350037666715283025e-01
-1.478034641667393956e-01
-1.543574125080143244e-01
-2.332604807428857452e-01
1.381933068131745435e+00
5.115110574031135116e+00
6.339074210902441564e+01
7.718232811037552210e+01
9.109883859069350365e+01
9.094864914396220001e+01
9.298839016662577706e+01
9.846764334226060100e+01
6.831169553786153870e+01
5.614641682572142400e+01
5.616437585986435721e+00
4.449385545264410879e+00
1.139782220415717529e+00
-1.776861936861005020e-01
-2.236544217355829200e-01
-2.516765101314381026e-01
-2.839795115343528020e-01
-3.154842184530239901e-01
-2.681074467852498922e-01
-2.302958242816504630e-01
1.358038508310431824e-01
7.746590928658925179e-05
1.319097433417475429e-01
2.555447998569492229e-01
4.648146941773583229e-01
4.511089051296854890e-01
4.530946167340580422e-01
5.387579260402733938e-01
3.822772505628571071e-01
2.584376901919438474e-01
1.202395103810932619e-01
1.911936398339308951e-02
-6.043900093286891373e-02
1.202619027845723831e-01
1.417846762451476783e-01
2.273659670547008571e-01
3.610017838792470846e-01
2.664223846453456224e-01
1.400975046087793441e-01
2.407841796488093822e-01
3.395326733428565280e-01
2.826937693975786203e-01
2.517521384305636545e-01
2.415933804781369432e-01
1.824279236671111359e-01
2.051091956323305432e-01
4.907614005431379933e-01
6.741711133148741153e-01
6.980520720705345461e-01
3.142084822003810007e-01
4.757471295488835406e-02
3.924152245038203812e-02
3.599340079652346702e-02
6.116663066945049465e-01
5.024654473066081373e-01
8.157314643858359915e-01
4.923211225258534718e-01
2.601412344723020853e-01
5.548427583914290473e-01
5.679482898776433419e-02
-1.703595098035043942e-01
-2.737120885655684455e-01
5.098063240330319434e-02
-1.192515339790291007e-01
-3.454954171673354502e-01
-3.501314324583526538e-01
-1.338326500540463204e-01
-3.634012224732408036e-01
-2.989760382469328071e-01
-2.205610444212832144e-01
-1.432974801604472437e-01
-6.210032279946992029e-02
-2.262938096938327259e-02
-4.392990369697491460e-02
-9.688203998876143697e-02
-7.383941381078201749e-02
1.698168701215663212e-01
4.276531449331432144e-01
1.565573472648409403e-01
1.034014776403391900e-01
-1.523524315435320631e-01
-3.357707955769773100e-02
-1.463806782407789941e-01
-1.116480253803304734e-01
1.768956372955887701e-02
-5.003618229237671855e-03
2.621784729117315749e-02
3.381332982539286824e-02
-3.846843150176698645e-02
-1.269274393305193649e-01
-1.467125027557328876e-01
-1.372496539425277495e-01
-1.211523275932898103e-01
-3.856132239284509877e-02
-3.297108715872448803e-02
3.006461995537001997e-03
-1.189185805165310916e-01
7.955035639374052892e-02
2.621439479031271169e-01
4.949616006443113836e-01
6.528044088177252791e-01
8.176016373226030476e-01
6.466126290110014718e-01
8.403791727972682590e-01
3.161043342390079669e-01
2.788342306876995247e-01
2.476414394266290842e-01
2.052458931758732730e-01
9.163312176192162095e-02
-1.659278612744502501e-02
-1.158035835434660932e-01
-2.430703754709157005e-01
-3.250417859891066019e-01
-3.332235733713128090e-01
-3.239159991873403754e-01
-3.276099867686794731e-01
-3.202764012835260798e-01
-3.744454194134125835e-01
-4.112667009961396003e-01
-2.477488723770271961e-01
3.190226238851552409e+01
4.708075069657759570e+01
5.300348233694191435e+01
6.061865719655386897e+01
6.777220386997868218e+01
5.900943630596627543e+01
5.484169821800128375e+01
5.193420050804826360e+01
4.343596755963373113e+01
4.007203813214809784e+00
1.497451166359626828e-01
3.403103470864805580e-01
1.806469212006200920e-01
1.120012629619704381e-02
-2.361685569463606305e-02
-3.374575548637098743e-02
-5.919774134527056031e-02
1.577569430556097219e-01
2.098197196281094357e+00
2.433563129028078365e+00
2.517007128859086063e+00
1.557814575816369729e-01
2.677320528146591716e-01
4.080341233331927775e-01
5.838926148472959321e-01
5.759567641533076543e-01
5.378180670228956961e-01
5.168707745522354013e-01
3.441286193071114718e-01
2.275168677735317502e-01
1.079728449596001338e-01
2.770683615764824026e-03
-8.362059419792183812e-02
-7.794529053784499117e-02
-7.274141001217732105e-02
-6.677434192846554151e-02
5.107670339508807444e-02
1.642810621323700371e-01
2.810151054939812321e-01
3.832855247626905104e-01
4.560750957083348212e-01
3.289598457529940845e-01
2.340997699244951047e-01
1.647232857765090763e-01
8.587395278333831428e-02
9.072106435392024437e-02
9.890573751259579272e-02
1.041451471293642905e-01
5.073355977334004230e-02
1.621362287620016218e-01
2.742769123273802734e-01
3.364294675905198373e-01
2.643832413285240879e-01
4.246183594320652732e-01
2.425049421811076300e-01
1.476304318478784960e-01
4.664916830217091803e-02
-3.452426353404391968e-02
-1.046557401212074856e-01
-1.735419435869590687e-01
-2.705316982704997208e-01
-2.838269389099017381e-01
3.239696419007916939e-01
5.046155511349647016e-01
5.836923550366995839e-01
6.127151329148721182e-01
5.427355358756363879e-01
5.938537458924122436e-01
3.352744106792492351e-01
-6.004337714292495853e-02
-3.424042891266265709e-01
-3.484542438157520738e-01
-3.330994381105388813e-01
-3.502074340112782957e-01
-3.397419884088036524e-01
-3.187994782065757260e-01
-3.281373644545465540e-01
-3.332191747631025880e-01
-3.303104805971712743e-01
-3.216795706831040991e-01
-2.130664577004746096e-01
-9.399208277234816222e-02
4.320292323125984879e-02
2.128272452522732561e-01
4.242854730399140406e-01
3.990950658301346543e-01
4.199520816249482369e-01
5.863312531969132602e-01
3.341752558247131910e-01
2.403494805588266559e-01
1.725122168264853206e-01
9.393161643020364604e-02
9.891369970773333797e-03
1.872597861365354888e-02
2.623991495871436097e-02
2.038751748359324267e-02
1.016599517541847408e-01
1.826079294537416020e-01
2.509532988051306202e-01
3.427920924403208280e-01
3.280753819379599312e-01
1.915276070380507178e-01
9.303721708186740713e-02
2.588859839065360546e-02
-2.519993816206650417e-02
-2.989550161754034319e-02
9.439482808952076587e-02
-3.334260544237832580e-02
1.990306577775199370e-01
-1.475706354337430470e-02
-4.442924303691586640e-03
1.528785350902550633e-02
3.147512211108427493e-02
3.549978153131505554e-02
3.286942694291705713e-02
5.027831784737846199e-02
4.400351214226505547e-02
2.945686782662138015e-02
1.391525948414495950e-02
2.035637503073672860e-03
1.697534790397336457e-01
4.302007789398788473e-01
4.414671352959480544e-01
7.413306106636785575e-02
9.807258329529150442e-02
-1.972507010099470159e-01
-2.073545380207126865e-01
-2.158842764769681732e-01
-5.499970137652604452e-02
-2.182412621856625323e-01
-2.060164159526375882e-01
-4.080076900632634285e-02
5.802868931511531159e-01
4.136165181582363015e-02
9.106007358033674226e-02
-1.437315456259746771e-01
4.608351545272841854e+00
1.543238714300005299e+01
9.244712361139448831e+00
1.017282875917336327e+01
4.185426458532447214e+01
1.098148274575794758e+01
7.846580924994388084e+00
7.209581717545284540e+00
5.545850596463504090e-01
2.589819259110959226e-01
2.299852720241299942e-01
2.581737950467644094e-01
1.992140413542878852e-01
1.485885974634260087e-01
1.372141950069545313e-01
-3.699433090880144270e-02
-9.444647871783284909e-02
-8.983035950242240775e-02
-1.041137465744699786e-01
6.396613671697248815e-02
2.786900255530420090e-01
5.074210231468017085e-01
7.342854654879186205e-01
3.891863511581141299e+00
3.221829073713495362e+00
1.244510373125444325e+00
7.510909290998560861e-01
6.686660150164719374e-01
7.531654871767298198e-01
3.520988922394048259e-01
3.029167403493356892e-01
2.910513894214268316e-01
1.268851075806735063e-01
2.275740993485775299e-02
-7.848470938264651142e-02
-1.364262706360121480e-01
-2.332077212724473769e-01
-2.148663318438471248e-01
-1.530053655667492074e-01
-1.732206994503041608e-01
-1.848485647294994538e-01
-1.641301075080603411e-01
-1.945880805435005190e-01
-2.887753284480588656e-01
3.052990273977821190e+00
3.794927236554097760e+01
4.505986499888611263e+01
5.864384493680506694e+01
7.825708662964007090e+01
7.876030673487363742e+01
7.784774143875776531e+01
7.252834479872531404e+01
6.624612725203701302e+01
5.369806111952520666e+01
2.762993648742974884e+01
1.972987888650134281e+01
-2.146509067077941313e-01
-2.205913578529177244e-01
-2.364205909442807507e-01
-2.460698246244841791e-01
-2.264416579799092277e-01
-1.700573037725149339e-01
-2.471832167601824004e-01
-2.647805529998303875e-01
-1.938214551650830897e-01
-1.090410432055745060e-01
-6.971761839738965794e-03
3.412917603025663604e-01
5.326207713647299613e-01
5.517270474415049142e-01
5.809398567417729531e-01
2.373060321947079165e-01
1.051582393199543830e-01
3.636515253064409592e-02
-4.710109992142663682e-02
-1.145592862926319566e-01
-1.542954510014500347e-01
-1.299866468630238581e-01
-8.590596157511920516e-02
6.434357064339346621e-02
2.909471690923698395e-01
5.211428446857901964e-01
7.716307740830098405e-01
1.030380198348253007e+00
1.041366722517081289e+00
9.897084391307157114e-01
1.246819951563479245e+00
1.379463345267345042e+00
1.539831216594677255e+00
2.501043570183926867e+00
3.078554596586679182e+00
1.110014622584270150e+01
1.822522840154431556e+00
1.402869027371598465e+00
7.864423073100901274e-01
6.814538455098828607e-04
-1.429064276358880115e-01
-1.802322421563407606e-01
-2.165964104287200764e-01
-2.827202325732192656e-01
-3.236067223862040265e-01
-3.672128664024003619e-01
-3.896192945921732598e-01
-4.156989505716182087e-01
-1.784891526492057290e-01
2.161891639961276468e+01
4.762413093083306137e+01
5.202397823817780420e+01
6.200808631413001137e+01
6.221766392300052928e+01
6.221251984761397580e+01
6.215297235919867092e+01
2.743247887225335191e+01
5.051369796676375756e+00
1.736498030197559439e+00
-2.854800921706992511e-01
-1.477267736769387607e-01
-1.174248351304906790e-01
-1.048639096491266187e-01
-8.057222267776892322e-02
3.936080087670557059e-02
-7.038614117525771041e-02
-7.170216979401700108e-02
-1.907363273695006356e-03
1.814756266715733535e-02
1.603438678703947851e-01
3.223967866835918405e-01
7.617529046602049547e-01
1.298131998276020882e+00
1.363570588264527039e+00
1.383283577381471119e+00
1.253302901820041892e+00
7.878118294626778040e-01
5.071296684541598543e-01
3.646563426352649184e-01
2.556444774271533493e-01
2.970797355884003954e-01
1.082406757771616768e-01
3.457536753713829070e-01
6.280515333549370194e-01
4.631794717217369017e-01
6.254273069398214036e-01
7.870431471856200734e-01
6.996970035628224949e-01
5.311410231791686698e-01
3.195163655943550340e-01
1.993023215985811891e-01
9.745459856325533465e-02
1.152298371311766267e-02
-2.245630296545508831e-02
-2.317576895096984391e-02
7.228079564550848879e-03
-7.626190588329295750e-02
-1.470712568847616364e-01
-1.783522816078828566e-01
-3.122208127576658887e-02
-3.391012291115854671e-01
-3.438000239914868472e-01
-3.734795452015958750e-01
-4.152448819871741303e-01
-4.537197691522365517e-01
-4.854161287171714356e-01
-3.273530494562062465e-01
-4.932004736932191769e-01
3.302415188906915944e+01
4.013394472580233696e+01
4.828448318792005978e+01
5.908325021745653061e+01
7.012953340215946696e+01
7.708751151742941943e+01
8.006850205162203338e+01
7.856073440117609152e+01
6.312008760424152598e+01
5.795467944757101364e+00
1.691656139480854293e+01
-3.026962132032632313e-01
-1.188228015048891084e-01
-1.327814340773506574e-01
-2.032914983460576419e-01
-2.674649922781373035e-01
-2.642286504634867583e-01
-2.857408648374153981e-01
-2.782893747640355908e-01
-2.847980156418092879e-01
-1.892334261572835574e-01
-7.307339426374909186e-02
5.883816767686966820e-02
2.370351372506517285e-01
8.754578005555363474e-01
4.760309459195648518e-01
4.509183931448261795e-01
4.232525718092774447e-01
2.752825925464588153e-01
2.016362992023138512e-01
8.105940827974755791e-02
-4.515475550716330222e-02
2.664152576919799120e+00
-1.609942740246021464e-01
-1.947529100972622551e-02
4.678102857098902501e-01
6.693019237547952471e-01
6.154571307746629083e-01
7.701000657260833604e-01
1.567259013150634761e+00
4.960442210657867168e-01
3.358237163048433116e-01
1.645173751026454134e-01
1.198125451854964441e-02
-5.475775829114848392e-02
-7.931770302338292389e-02
1.100469573184492678e-02
1.078508482281339553e-01
1.238738543767171629e-01
1.229485548936358752e-01
1.211381123377515134e-01
-2.622955417267713862e-02
-8.726599926556327658e-02
-7.761971004006196218e-02
-1.160351206432439497e-01
3.585427642428190564e-01
6.892493185144863421e-01
8.122631946069924780e-01
9.175225231035686324e-01
1.780103031432560101e+00
1.033599125880343550e+01
1.091586975900185763e+01
1.058347806309545547e+01
9.964826138944330225e+00
8.994992800556714130e+00
4.749468980920005023e+00
8.610123185734696705e+00
7.337195912677370302e+01
5.330032151067120694e+00
4.377453371084682132e+00
1.117158315453262496e+00
9.751716365723128721e-01
8.344897905757859835e-01
6.628699230074526216e-01
-2.268843084394150944e-02
2.275965838447613909e-01
6.535568972091241324e-01
-1.145227463135560786e-01
2.164180692308474985e-01
-1.853517711299623727e-02
1.434864926161200094e-02
-9.515753014707339918e-02
-2.916790101613414565e-02
2.955872459760344739e-02
9.966715789290758742e-02
1.212086914349540523e-01
1.433037450056926509e-01
1.660815855679068642e-01
1.649461826626658079e-01
1.815010669087286921e-01
5.919175173111342891e-01
7.416033585705854581e-01
9.584689155258367954e-01
4.046960593433677644e+00
2.102467747618405269e+01
1.191429664361483631e+01
9.192088090241007592e+00
1.372703906949737629e+01
1.700907442458862207e+01
4.422089098045089983e+00
3.288883323373456236e+00
2.716259122194435882e+00
2.427735695596739518e+00
2.132011273647922422e+00
4.960592915805517755e+00
9.709916466159633330e+00
5.212489317930218746e+00
4.291579976507715166e+00
1.042063821867922790e+00
1.129094156571212260e+00
2.511334617095445365e-01
4.185025464534053441e-02
-1.012454944321213302e-01
-1.828879560691249462e-01
-2.526155413741291156e-01
-3.234809353387443909e-01
-3.973430153198257986e-01
-4.194123839791100705e-01
-4.063770008969915803e-01
-4.105845475650756193e-01
1.493714017805475081e+00
3.702723015672340523e+00
2.157182061980097387e+01
2.623403432167458860e+01
4.945961885675730230e+01
4.950944797137267273e+01
5.155237422495306987e+01
2.662193347272364718e+01
5.234536331026690803e+00
4.429202262150639058e+00
2.475808648729815875e-02
-3.912439445105964086e-01
-3.538246327886505616e-01
-3.659274133444865851e-01
-3.410181500619790529e-01
-3.294414728480512533e-01
-3.263541333456073668e-01
-3.314020965404544938e-01
-1.597726068669098609e-01
-2.237375347718378871e-01
-1.042316457705890764e-01
-1.474632434586004015e-01
1.492492429344411953e-01
7.207156523776617751e-01
7.620117282052959462e-01
6.588272372227498286e-01
4.292397764940794058e-01
2.032424651698585549e-01
1.058203248895270843e-01
4.249191136511543121e-02
4.007950015252448317e-03
-3.712660645204263199e-02
-7.427900863225300743e-02
7.029136229420696047e-03
1.489594635386448651e-01
2.687198605776380811e-01
4.025105436327028885e-01
5.592506754792617718e-01
5.378901184858677631e-01
5.062989282560426130e-01
3.598053688754214718e-01
2.326153251953551049e-01
2.557673291240645241e-01
2.363648098177563162e-01
-1.154999631422937156e-02
2.266344515492741962e-01
5.524661669453687640e-01
9.151475862917793913e-01
1.068210712536792784e+00
1.617517495147511974e+00
1.392181664007178021e+00
5.269869023492609328e-01
3.104581753667679522e-01
-9.401647415559177823e-02
-1.596568375157887409e-01
-2.334329469869609319e-01
-2.775875148413371463e-01
-3.379788360055113183e-01
-3.435965575927223958e-01
-3.571041702524356820e-01
-3.915395569229925821e-01
-3.711912407600335140e-01
1.836519163712214908e+00
-3.796536715597303990e-01
-2.437003804198349943e-01
-4.018020029453058806e-01
2.102180503804692568e-01
5.152505343628858370e+00
5.096306964563146025e+00
4.778011584451600235e+00
-5.470431023617389199e-02
-1.665156442101108913e-01
-7.655559622478153026e-02
-1.061270061979319723e-01
-1.169633028482570114e-01
-1.333012736207236371e-01
-1.499016048430857895e-01
-1.366790715946528123e-01
-1.241605580416929588e-01
-1.024719144996866782e-01
-4.115665779702937233e-02
2.178882846764562675e-02
9.498806627803424441e-02
2.459362775729998507e-01
4.752982891402828258e-01
5.044366655629475282e-01
6.112342105125759817e-01
6.861377739625755812e-01
4.182635793039297667e-01
2.087807647882360396e-01
1.517237228691947770e-02
-7.167253194050943188e-02
8.129716632745420668e-04
1.983447100765253213e-01
4.585948433364914756e-01
7.089005376878989573e-01
9.898208971424780067e-01
8.340778829677447659e-01
8.570901426337770301e-01
6.797806601658656911e-01
5.592781414813003948e-01
5.036869529893912567e-01
4.479935899763299867e-01
3.484645480736598966e-01
2.593836088300940368e-01
2.328234817404938317e-01
1.916855652231592710e-01
1.716252623400000843e-01
9.353975861005103809e-02
4.608657435222518473e-02
-2.908696980822422784e-02
-6.456297959968426703e-02
-1.888952770879625542e-01
-2.077579038037040138e-01
-2.695155691189047853e-01
-3.167185473929561845e-01
-3.507853000397357368e-01
-3.435065386807479304e-01
-1.738354427895699716e-01
1.276952710988251027e+00
2.027188853469573004e+00
4.671077994675376033e+01
6.026669854837484053e+01
7.421057128849639639e+01
9.628289358723262126e+01
9.693428605484371019e+01
9.582689695501413496e+01
9.513626644445608349e+01
7.351824654891392186e+01
8.603887731030006591e+00
3.470634977729894821e+00
4.095048752859777874e-01
6.455178687654244962e-02
-1.405722267482210630e-01
-8.552074209766113988e-03
-1.765840167905409208e-01
-1.964884832020261651e-01
-2.081834044387602112e-01
-2.225515029446923920e-01
-2.275860907521304877e-01
-1.545191410978298263e-01
-7.364399774871910331e-02
1.907291460422333440e-02
2.089553682364730935e-01
4.312110484744609007e-01
3.279499614236185412e-01
2.836019985019401224e-01
2.451620773025000588e-01
1.186595964720231766e-01
5.120474749858727748e-02
-1.420420028621849351e-02
-1.020172049308354367e-01
-7.541439992674148218e-03
1.644871889005026233e-01
3.821204897258877464e-01
6.200429145559105404e-01
9.059332733875768984e-01
8.392956276011875882e-01
7.737544151522447455e-01
7.326144443804101236e-01
5.714340150621581849e-01
4.407986009635141977e-01
3.228906267939974928e-01
2.299173424424754142e-01
4.794478818332175152e-01
3.661401964441586276e-01
1.235491550256742066e+00
1.077506093463247661e+00
1.116592037870600906e+00
1.196651545067888067e+00
1.026062562520141164e+00
6.796399509706667619e-01
2.978966083087480898e-01
2.088266943822190136e-01
5.593373038742133208e-02
-1.072148743230109669e-01
-2.126227211521171667e-01
-2.909919498141472216e-01
-3.480751689651777059e-01
-3.301035559906148609e-01
4.145404108235359786e+01
5.919256549270916423e+01
7.866543109333341022e+01
9.963713125493852374e+01
1.084988051219750673e+02
1.156988496905198929e+02
1.184546201055696315e+02
1.258351756238690484e+02
5.171597577791750666e+01
1.133222607749237376e+01
4.458880136331353050e+00
5.074115540855612672e-01
4.906946592419996200e-01
8.078175076404219279e-01
8.727870100658586816e-01
7.141076515328144136e-01
5.356748294420212719e-01
2.713570587887134122e-01
-1.656704140695076655e-01
-1.709418153153391406e-01
-8.019056389167950050e-02
3.221605425852014370e-02
1.721006319079763092e-01
3.231576125627910745e-01
4.980299428378969218e-01
5.112959901671070284e-01
5.441268132455310269e-01
5.398910199279391975e-01
5.770442437912646216e-01
1.043243004885216818e+00
9.556384482794848534e-01
8.029013799778251803e-01
6.332365426156119081e-01
3.554755208304227754e-01
4.427924964659266660e-01
5.933988173625193152e-01
6.046257562200280100e-01
6.404088856917291572e-01
6.857200349947694118e-01
7.070099542936659764e-01
4.972788215740864270e-01
3.601460398164084697e-01
2.172576058710091740e-01
2.170434030668183523e-01
3.211558914958683175e-01
3.257728703767928113e-01
4.634669634187145171e-01
6.087432744356426895e-01
4.913774786070327361e-01
3.767688366084883667e-01
2.931946515634611394e-01
9.035451674530969868e-02
-9.786922763035815764e-02
-1.406446611255031121e-01
-2.360585803284732109e-01
-2.953183597353852274e-01
-3.336202275222517888e-01
-3.466848340683978957e-01
-3.551868262585965441e-01
-3.607623599611620713e-01
-3.624916535229638637e-01
-3.599105255142287518e-01
5.540056014990282662e+00
6.260957856101745378e+00
1.059090891843194449e+01
4.478511503075134570e+00
1.494310457722422569e+01
4.738387045332355285e+01
4.651753593741465664e+01
8.886316483570279701e+00
9.143099305972857138e+00
5.577503328044899789e+00
1.270928522362049229e+00
1.027300263195907837e+00
8.973294721576909883e-01
1.465251250302981312e-01
-1.366101138692483175e-01
-1.405888734795324724e-01
-1.352754718588556337e-01
-1.393119826634431346e-01
-8.872820717990570483e-02
-3.733216537123279499e-02
1.472813266263193199e-01
4.521778563565713727e-01
8.197067650674254580e-01
5.458193316721885457e-01
4.439667956520259029e-01
3.899960928938290827e-01
2.905169222646749594e-01
3.036212236997886116e-01
2.985833004226323695e-01
4.960360867896574932e-01
6.943794263585456594e-01
1.677667872441539254e+00
2.049273508329781279e+00
1.738908968409993872e+00
1.646670194259491016e+00
2.459569964107096052e+00
1.337810876375155944e+00
1.288812266630081416e+00
1.062162625869119470e+00
7.940342407170002392e-01
6.137696084925875484e-01
4.709336226439204687e-01
3.904384390457176224e-01
5.212000700990687685e-01
1.383941176603268097e+00
9.508587396317442764e-01
1.489342955020668491e+00
3.571875837799604048e-01
1.093839763657140640e-01
-1.284467855229033395e-01
-2.767378249292381520e-01
1.251286028315369414e+01
-4.255124535721921397e-01
1.209137037359809774e+01
2.648804470468778760e+01
1.299880210189019536e+01
1.359741217669371594e+01
1.532646176575427077e+01
3.778885407690959930e+00
4.034887010454825784e+00
1.564406359726440598e+01
2.853804917139308372e+01
1.814079852682264971e+01
1.715755904757247663e+01
4.465220058556258032e+00
5.166971122094948576e+00
4.453577350946428481e+00
3.742506614763204897e+00
-6.604989350363799083e-03
-2.956063637578143499e-02
-1.808323693610592309e-01
-2.427806109991313965e-01
-2.992521601538303821e-01
-2.844428699527075111e-01
-2.595386793529766978e-01
-2.226386378904298136e-01
-1.631692236180348199e-01
-5.828639119361184173e-02
3.391008332400466951e-01
9.434448310347660627e-01
5.924846114901752836e-01
6.149208216964682228e-01
9.356214851715900505e-01
2.672318419200196971e-01
3.620650100145683670e-02
4.222731701469184529e-02
-7.619070596098664883e-02
1.802906972450681877e-01
2.624515108901881444e-02
1.001792146653825544e+00
4.032554966775170335e-01
5.540175335971808668e-02
6.310366474590899388e-01
2.043118801882839453e-01
8.881941437015491436e-01
1.108460265745353057e+00
1.288260549136021504e+00
1.566907936245945709e+00
9.048282810591606662e+00
8.070788737268472346e+00
7.072491259887191184e+00
4.890559230088241449e+00
3.596398240568992488e+00
3.762630137773387284e-01
1.858729518391972757e-01
2.169341003822178315e-01
2.212529314465176977e-01
2.130797469552878631e-01
1.340191212875843085e-01
1.022790956085235514e-01
4.615837991557070197e-02
-1.340065504233056703e-02
-6.319459741900429472e-02
-4.746982971195112810e-02
-4.665742558912300275e-02
-3.883425205823320958e-02
-8.849319137585104356e-02
-1.073008594380386316e-01
-1.888914632157546736e-01
-2.223053976543196697e-01
2.347714669030944279e+00
7.291810360177383821e+00
8.518139702241661837e+00
8.633136196792762007e+00
9.128411081862966014e+00
7.977641983559052186e+00
6.589380470480801222e-01
7.639306383895323460e-01
7.806435349969000903e-01
9.226956075505496901e-01
1.072476787459820669e+00
8.616243916039354467e-01
1.035989668561790866e+00
8.095573534313602604e-01
2.569551965031192653e-01
-7.813885542586074262e-02
-8.534897298484023231e-02
-8.998090499396710351e-02
-2.001215001993750242e-02
5.860083801428439543e-02
1.399032166573270786e-01
2.770032239126415385e-01
5.395365080239455935e-01
3.805520084947018322e-01
3.169913010500173822e-01
2.799358164135254956e-01
1.643821222811606697e-01
7.737442282030626561e-02
1.254430279760321287e-01
1.827633815739179157e-01
2.340707136172528458e-01
3.759829719459583108e-01
5.149745935798553109e-01
4.192529373885520716e-01
3.548843818414851858e-01
3.237861904483843034e-01
3.179691774055162234e-01
2.227556626944336760e+00
2.173914462637262623e+00
1.418669112962637424e+00
9.859155001538272955e+00
7.988409425178956802e+00
5.526635003380939715e+00
5.825006823798164035e+00
5.298727916450112652e+00
2.576553262550291823e-01
1.790598452443599164e-01
1.122683458538318302e-01
-5.877868994844825945e-03
-8.829371699562976739e-02
-1.715395303711820807e-01
-1.805923662526219831e-01
-2.158782967457490987e-01
4.357228277849672926e-01
-2.249889834050963211e-01
-2.386154658219738489e-01
-2.568680388211244114e-01
-2.683081005055566459e-01
-2.966602875035879716e-01
-3.072849682929076898e-01
1.042647646983271059e+00
3.751465177072899504e+00
5.165374356305878933e+00
6.158054771667165639e+00
3.060911717587551095e+01
7.302219221673883709e+00
4.682022206795648600e+01
1.992049037553760726e+01
5.074700140429539985e-01
3.650139264330991562e-01
2.296951158107142232e-01
-1.065775567988253014e-02
-1.603480870675470515e-01
-1.457256355363182321e-01
-1.232329867728443329e-01
-1.162347996976080822e-01
-1.031066754097416105e-01
-8.998738063581074309e-02
-3.766445977571925008e-02
2.473500016149576819e-02
9.803526324628364375e-02
1.756513210945362946e-01
4.118341860960570422e-01
4.012299479745512487e-01
3.537285249025043932e-01
3.101564545853858768e-01
1.435708481159554406e-01
2.555981352517984195e-01
6.919443689713630219e-01
5.510187774303457742e-01
6.741755785048902938e-01
1.188423917246953287e+00
6.986192233392435336e-01
5.398600803658974989e-01
4.469068404738716360e-01
4.371885346173799425e-01
3.918592584098739007e-01
3.774325970207088599e-01
2.384772112207591555e-01
1.710560503071301142e-01
1.761379894775092492e-01
1.717537834813237518e-01
1.644255634581213155e-01
2.251837060745998098e-01
2.700583832973932896e-01
2.991375399529143664e-01
2.060154611414350967e-01
4.712404625221611187e-02
-9.628014648206389969e-02
8.321132465136761525e+00
-3.673925127529730772e-01
-3.902049644784346683e-01
-3.960221177702490936e-01
-3.856502326477762588e-01
-3.746086775477656117e-01
-3.735983545463273381e-01
-3.508009145494421777e-01
-2.167519973638786790e-01
-1.905066384813759450e-01
1.685078883774293601e+01
2.502440731333908275e+01
3.031987542217553511e+01
5.056833966612180120e+01
6.253912337579654235e+01
7.702345401724957696e+01
7.587705035227438088e+01
5.568409047551314472e+01
5.073647607780353397e+00
1.401393886681803647e+00
-1.639366919653055255e-01
-8.800264018056724868e-02
-9.816093035920997467e-02
-9.810312789457198424e-02
-1.010831686931301654e-01
-1.038481109765083676e-01
-1.046032141870621435e-01
-1.063080457491014652e-01
-1.140859561520297105e-01
-2.309290370224148514e-02
7.166128380770309114e-02
1.806911203930048337e-01
2.984528135451613995e-01
5.182369171530606389e-01
4.511965789664750259e-01
4.688545083363313548e-01
3.798537578901437506e-01
3.012923508748677204e-01
3.673157228310912625e-01
4.269448029687503698e-01
4.870720753852962881e-01
5.775059355962779417e-01
7.886195424060217229e-01
7.295234950251250350e-01
6.441318458071251252e-01
6.327835168304809521e-01
6.662995524645722867e-01
6.699121077421211767e-01
6.618313996823924628e-01
5.441098636287684531e-01
4.214117742649270415e-01
2.900303607241314641e-01
2.137262850766881161e-01
1.587078421727388111e-01
1.509768999129251776e-01
1.905719836878224660e-01
1.869717981329042100e-01
1.530267312267908908e-01
3.608722448150358808e-03
-9.845218985196579897e-02
-1.979041124995567502e-01
-2.979873241797111882e-01
-1.859900626238911170e-01
1.092933595657541002e+00
1.298534715054790567e+00
5.011406376438287680e-02
-3.965135270061503903e-01
-4.159323010198683335e-01
-4.335995319120575786e-01
-4.336736071828549699e-01
-4.424121699974453148e-01
7.848614190930828238e-01
-4.288653793773131717e-01
1.466659773934320787e+00
-1.571449500232156016e-01
3.015257490087218883e+00
1.494335171778921056e+00
-3.423950320329291475e-01
6.492696130530972720e-02
-1.971160303466158448e-01
-1.139062827449648929e-01
-9.747377227671272237e-03
3.593152049050285513e-02
6.832149638751094933e-02
1.090455718193591439e-01
1.372856125877897071e-01
1.760705405908706833e-01
2.004473756303173371e-01
2.205105371084541410e-01
2.832369539286228033e-01
3.675263492549329936e-01
4.824862323991054858e-01
5.409208678744042986e-01
6.087078397065314173e-01
5.459446927336181199e-01
4.867451152851627327e-01
4.469921254296355118e-01
4.545791739374624996e-01
5.341240064612833294e-01
6.476532905905664217e-01
7.957199225879464377e-01
8.728465025575010694e-01
8.849877971527261300e-01
6.521021531716584274e-01
9.973971046179346267e-01
3.600002920564451259e-01
2.565890380163257101e-01
2.578289603531970231e-01
2.341236893360953975e-01
1.923407076185424947e-01
2.209245777907625774e-01
2.416463885721998883e-01
2.472447294505137894e-01
2.560331917663491996e-01
3.471211122618934608e-01
3.276734150534290624e-01
3.175410079439427991e-01
1.258975200276200024e-01
-2.519467430989980050e-02
-1.596103193185673952e-01
-2.734204612639155596e-01
-3.813477778576708221e-01
-3.925225892615954448e-01
-3.921772635344100699e-01
-3.778348682445875628e-01
-3.683918570478486032e-01
-3.603586206219360211e-01
-3.558271420389476636e-01
1.035293117524718021e+01
1.669627852856030614e+01
4.518309376959934553e+01
5.812219843486531801e+01
6.609892933840572482e+01
7.739456536645799645e+01
7.727162101275793304e+01
7.701714534001212087e+01
7.761964780499033623e+01
6.509378192949865749e+00
3.310669187524132084e+00
-3.100238755062051932e-01
-2.432361562571564439e-01
6.351547062123258369e-02
-1.782232480520032358e-01
-1.779763054179177018e-01
-1.739084882049298786e-01
-1.697958986718026142e-01
-1.621790578309852404e-01
-1.635041862022457160e-01
-1.681676572988514140e-01
-1.001853932884370080e-01
-4.592149114429511236e-02
5.897939098839566352e-02
1.619833780773536347e-01
2.956561560407460210e-01
2.930732934051367700e-01
2.982059858220070803e-01
2.737895268043423203e-01
3.450949636605348259e-01
4.606415246956089282e-01
5.710360156506524287e-01
6.954137666293901399e-01
8.227122685406482727e-01
7.873126841370539086e-01
8.884465647050178161e-01
3.225439921064487958e+00
1.277248224258525511e+01
1.916251649756531350e+01
2.718693418454808164e+00
3.495949112034993700e+00
3.009672700635951603e+00
2.436923206656734564e+00
1.319237285614452304e+00
4.892462575447117379e-01
4.713049921230715311e-01
5.809104019297386401e-01
6.466824020895252101e-01
9.209083910800075490e-01
6.055217899749364419e-01
8.990783203130121581e-01
1.245362126126767777e-01
-6.189265020668821560e-02
7.355128175063441187e-01
1.691115816171713249e-01
-3.442275783102461961e-01
-3.572109849669005133e-01
-3.627716991342846420e-01
-3.659365572116743959e-01
-3.805317118911837326e-01
-3.841307222685500511e-01
1.763037741446609985e+01
4.619511807265203629e+01
4.168855809894209585e+01
6.288236605941742852e+01
6.880361201572887353e+01
7.524639735085519021e+01
7.472362228900530567e+01
7.332447926604055510e+01
3.212163818573631602e+01
2.765690904928212124e+00
3.956845208487467680e+00
2.139736097329478781e+00
-2.277359032124953719e-01
-2.035642219369482864e-01
-1.653930101973341005e-01
-1.577010664890809433e-01
-1.391692975750912220e-01
-5.814251837763656505e-02
-1.211597435652362886e-01
-1.207142533310717747e-01
1.948662253741240136e-04
1.366227969069263581e-01
2.884907780766896579e-01
5.362645480897796357e-01
8.482261676935687333e-01
8.178284325533801136e-01
7.913653999337453282e-01
1.185787664293684651e+00
1.300033785418329257e+00
1.286522724407840990e+00
1.516145901784575756e+00
2.515502116462021043e+00
1.827990369287574079e+00
9.675777045091020767e-01
7.998777374119540040e-01
1.572464285385021254e+00
1.474194110118435486e+00
8.957962491400133231e+00
1.143094799198372158e+01
8.948280868202234117e+00
2.649818781979383697e+00
3.891374354905696720e-01
8.893522185733671037e-02
-6.539756674991348273e-03
-9.789250256445169995e-02
-9.854870373690033380e-02
-1.002955155675344656e-01
-1.370058560625179167e-01
-1.996482233120096539e-01
-8.145463943339487090e-02
1.350602916171744772e-01
-7.555050492397452633e-02
1.478134717007211218e-01
1.707371210999872435e+00
2.316885547715307414e+00
4.465086948634228392e+00
-6.891965989518167301e-02
1.649134270033193239e+00
9.829210782689180803e+00
1.622412841645050285e+00
2.473546673613862623e+01
5.069682760116946962e-01
7.035631982607485346e-01
3.387601113998175428e+00
3.123018638529312607e+00
9.013327957997862017e-01
6.746607735706799946e-01
1.381197282663640058e+00
5.063617422672470614e-01
4.688793756563116588e-01
1.000507375944288402e-01
1.059341601752080697e-01
1.929751022838765984e-02
4.119749211822787416e-04
-1.083795391349429149e-02
-8.524207401293337760e-03
-7.550306274648865834e-03
4.242329935310151789e-03
1.382684820792012825e-02
1.645303739815084931e-03
3.634194617069175237e-02
6.494153287988924106e-02
8.133379631029835632e-02
1.079023521693907028e-01
1.436200801852397513e-01
1.081084517198374062e-01
7.423970799057300063e-02
2.113405013210010175e-01
3.346686564127978603e-01
4.560528422350929034e-01
6.312023920025421342e-01
1.004591868592312087e+00
9.751616071748269166e-01
6.411760925045815185e-01
7.357374876985652845e-01
7.389675143399079271e-01
7.975179023048563076e-01
7.324960967286908708e-01
7.561288569698110251e-01
1.606311461391484618e+00
1.977316794193203497e+00
2.184705153153799984e+00
1.394071843146706513e+00
4.575696785315395587e+00
1.506381785350245028e+00
1.398154554765957069e+00
1.610770657381737081e+00
2.793610851712991838e+00
2.301895068801103506e+00
8.255938348917685188e-01
6.459135151486845583e-01
5.111089594959337123e-01
1.121077979879433695e+00
9.579906622598926003e-01
5.940207598162361435e-02
-9.071100844087820469e-02
-2.560852071556690146e-01
-2.948092146896238441e-01
-3.367336265632626668e-01
-3.760247874193939355e-01
3.768126433312696122e+01
5.777564395814840736e+01
6.687344735887651836e+01
7.871922221536678421e+01
9.308223988529971393e+01
9.756257104406495273e+01
1.296793280681596627e+02
1.684427369750921457e+02
2.132841080963038038e+01
1.568865686230734013e+01
1.668753208988590364e+00
1.093660124667943823e+00
5.388351199660718072e-01
-2.310724222867547861e-01
-2.301372901942225768e-01
6.799076658738156809e-02
-2.305815700228354137e-01
-2.312646329850727156e-01
-2.286427298081117887e-01
-2.219952617053447819e-01
-1.629923292111677413e-01
-1.016762162910807010e-01
-3.264296382587283940e-02
4.623413008909815769e-02
1.774086254952842445e-01
1.418742511342001578e-01
3.351868824792296753e-01
6.449656617049925877e-01
9.869733374842976081e-01
1.173414868622512541e+00
1.575403606537951084e+00
1.313397461883024864e+00
1.035667192542733650e+00
8.699586356355116790e-01
8.634609371659360821e-01
1.834221519179699555e+00
7.738222953433531170e-01
7.364314015418340631e-01
7.494236778073529726e-01
8.342747304326962876e-01
8.293202400468123736e-01
9.075253507712736090e-01
1.134461171773732735e+00
1.352221088829935969e+00
1.455850585650138029e+00
3.408399086596122451e+00
1.430877208724075533e+00
1.580684356737624974e+00
8.021890712391530620e-01
3.950057689542927353e-01
4.073135011429962482e-02
7.299422774419411786e-02
-2.312986286566396932e-01
2.378324376060276801e-01
-2.679594006683603258e-01
2.051928866884395575e+00
-2.978957974030032596e-01
1.493423351437602742e-01
2.523413026588898322e+00
3.232121681439074745e+00
1.807887712878343267e+00
5.040678857032125038e+00
4.951985325504109881e+01
6.067844040979176157e+01
7.793211590132139577e+01
7.894084871709537765e+01
9.784629100491542886e+01
1.098084177547389970e+02
1.762571011893166784e+01
1.287351624604126243e+01
1.401666582093888946e+00
9.289960997281553334e-01
-1.357532519072799926e-01
-1.343850980047209820e-01
-1.282523137276071479e-01
-1.299618489004247812e-01
7.578048600638204180e-02
-1.330020386368794827e-01
-1.316638275027853799e-01
-1.477992557313193567e-01
1.228863660020385051e-01
-2.007202442386057939e-02
2.426083524957646231e-01
1.080096035825564016e-01
1.825562380398977336e-01
1.936216244019612898e-01
3.869830192398538982e-01
6.561234326888203405e-01
7.474297927004115438e-01
9.527533704016597493e-01
1.159905692594761728e+00
8.375626292800082418e-01
6.054117993806684694e-01
5.832422724473966813e-01
5.101758309816438741e-01
4.788756074683616637e-01
5.233059524632960313e-01
4.049042206276207700e-01
3.900064027137809530e-01
5.018264556682864308e-01
5.413441385881375689e-01
7.016360292634532536e-01
3.810246942211940713e+00
2.876321234818905115e+00
5.678971442249935109e+00
1.014016469275535393e+01
3.209322519554178399e+01
1.176385251732122050e+01
3.563643407268602736e+00
1.922312521930635398e+00
1.363716689287314043e+00
-2.707482523565627464e-01
-3.717873283636263793e-01
-3.701183388771553395e-01
-3.547378024787485318e-01
-3.295917101278480477e-01
-3.036858442677857206e-01
-2.661307238795117547e-01
-2.645308037063981432e-01
-3.048367865779990638e-01
3.658446915663225951e+01
5.085589240187632498e+01
5.901225859718695688e+01
7.636069912155022621e+01
8.965684577120761389e+01
8.993921671303553467e+01
9.787374336432331745e+01
1.040339238338705030e+02
1.148759313218431544e+01
1.112145323343464653e+01
1.274354115161726586e+00
3.364636957553405860e+00
4.922602715691799524e-01
9.238013742404926898e-02
-9.188487254344845923e-02
4.340776160832221509e-02
-1.020383659201226645e-01
-1.018395994157402784e-01
1.863450059273057957e-01
4.343383466932790871e-01
5.196817258790483729e-01
4.999163776102324430e-01
1.708478461328571951e-01
2.810204110503577990e-01
4.103181580865682410e-01
5.144101474233776505e-01
6.037029095770907183e-01
8.349632734449339289e-01
8.638487287735195919e-01
9.624351522897222067e-01
7.597482770551906572e-01
6.256578279645003127e-01
5.273735488707551600e-01
4.743484856640034497e-01
4.488346577814994465e-01
4.552558194723229645e-01
4.690813431740865624e-01
4.841529609575712101e-01
7.536466653404833016e-01
1.251875253223918572e+00
1.582229030416429927e+00
1.973435357423516834e+00
2.092550465532368342e+00
2.011694945025784609e+00
2.998404754164236685e+00
1.990454485761348646e+00
1.700431490744421570e+00
1.362728723460616687e+00
9.588522970514996580e-01
6.111396894771043975e-01
3.515928429190264826e-01
1.677358905671926248e-01
8.659652434721754055e-02
3.248013242921488630e-01
-8.316831386429118789e-02
-1.464350629083551181e-01
-2.163669987123866267e-01
-2.558093284278390445e-01
-3.278936068056119146e-01
-3.769900081113628509e-01
3.039892979316475419e+01
3.852612959060319042e+01
5.149705326712141584e+01
6.405842601029364403e+01
7.850109653477433369e+01
1.021312024556723657e+02
1.310221469325642261e+02
1.579604286000545699e+02
1.960834966758694620e+01
1.986492779039856060e+01
6.805962528168633341e+00
8.347893703752582439e-01
-1.496825730663532972e-01
-1.484652901544245562e-01
1.771673364050849742e-01
1.901338798388250706e-01
-1.436189744695861581e-01
-1.399083045045103613e-01
4.862644229052723865e-01
2.823528719103982065e-01
5.134306216178859961e-01
-8.784902943178574120e-04
7.374590835052952098e-02
1.425840717849862216e-01
2.244159485382947183e-01
4.149636827034779429e-01
6.218108430579203372e-01
1.072940006227612653e+00
1.171347657165197509e+00
1.588945317124233148e+00
1.375278608669779024e+00
1.404357777771182203e+00
1.264274316997322956e+00
7.634571685560280763e+00
5.532837751560610862e+00
1.853317500256599804e+00
1.491688485087517835e+00
3.561310449484528906e+00
1.228045412137264591e+00
1.429314853219206372e+00
1.460858879402690658e+00
1.436066831957016010e+00
1.595837801818232649e+00
1.361730355646380897e+00
1.122750071587345966e+00
9.831532039584542915e-01
7.615717901458973760e-01
5.635823273189157767e-01
3.227389830355090750e-01
1.174169353512900527e-01
-7.554058694415899389e-02
-2.075855191029959967e-01
-2.883489331592233307e-01
-2.743383316310965547e-01
-3.157165848934508912e-01
-3.237731045186949541e-01
-3.537283152914820206e-01
-3.544078060563378152e-01
-3.802066737061098323e-01
-4.254717819219897001e-01
1.636495316602276873e+01
4.242030613366340219e+01
5.600475952335160912e+01
6.629213065061715326e+01
7.627098897098984764e+01
9.670296088845921645e+01
1.201573980610912429e+02
1.417289515546534062e+02
1.482291273161669665e+02
1.590963634425479079e+01
5.352561811249674228e+00
3.161926505468324322e-01
-1.824448630833835905e-01
1.300526203276775039e-02
-1.961576907650697810e-01
-1.986752240092786725e-01
-2.003752144941899349e-01
-2.054050621360196116e-01
-2.077156630573873675e-01
-2.064939134247800179e-01
-1.261444760957065592e-01
-4.886488557320212145e-02
5.353538702701376994e-02
1.990864949265511719e-01
4.064869084711062452e-01
5.928437745098417144e-01
1.230299963498735050e+00
4.199975122700929653e+00
3.192695789126824835e+00
1.192134054751769590e+00
9.772348006239405249e-01
7.921592545221953774e-01
5.804951500502411044e-01
6.114263534831997360e-01
6.088309871374686377e-01
5.960568832657796579e-01
5.868291495163631133e-01
6.964542673429681141e-01
8.394136191999765906e-01
9.671566045564919945e-01
1.058415889631002749e+00
1.170838868870182958e+00
1.041472796709987936e+00
8.273575260448927660e-01
5.869293144934044637e-01
5.130923372520584946e-01
5.085033714459491483e-01
3.699676744847130161e-01
1.907844278629818868e-01
9.963017969829368603e-02
-1.875680297778042904e-02
-1.587190308503451663e-01
-1.837413825879283813e-01
-2.015977758762125260e-01
-2.947103279178479585e-01
-3.466287351509539372e-01
-3.682229882190629633e-01
-4.299545962838854374e-01
-4.797767161603778696e-01
-5.010657264247997400e-01
1.309886900241291396e+00
4.183406821400063791e+01
4.785999517135936543e+01
5.661303337003680269e+01
6.141606374404785385e+01
8.484000567508783774e+01
8.792309971503780730e+01
1.165988089495175757e+02
1.222196401140361957e+02
5.127519687717078511e+01
9.209025209159724668e+00
3.651156675937805574e-01
-3.225332534997044087e-01
-3.333566420377468975e-01
-3.362801818017549516e-01
-3.333194205354588213e-01
-3.259128838753559965e-01
7.279028746169002861e-02
-2.923723688898831607e-01
-6.443021915588753590e-02
1.832052621420626748e-02
2.669401405454741028e-02
-7.637795666174396203e-03
1.172036338642497011e-01
3.294088350514616792e-01
6.299732300339144775e-01
1.135163390572828446e+00
1.665716381168404148e+00
1.968670835799032348e+00
1.630891537049947049e+00
1.462577776058784584e+00
1.195865121059704439e+00
9.010513274794127447e-01
1.378363615271497089e+00
8.796425946703825272e-01
8.347474791050031317e-01
8.208340900485380232e-01
8.738398373464866253e-01
1.009432688652386556e+00
1.396409666996505372e+00
1.482486557611021549e+00
1.446932900299220615e+00
1.320114377951403739e+00
1.082887902866565444e+00
6.880391968882251241e-01
4.342871751159722571e-01
2.484772506621250043e-01
1.353772616861186329e-01
1.498812319204856358e-02
-6.684132463844472127e-02
-1.486700911362229260e-01
-2.411624498961773000e-01
-3.001862423123257129e-01
-2.965749796763172408e-01
-2.924992932168178350e-01
-2.959619453093153552e-01
-2.902539850187795811e-01
-3.011723212042998199e-01
-3.159021051164579985e-01
-3.608279908612971321e-01
3.319696546610776977e+01
4.849708026578888109e+01
6.280948812326924724e+01
6.892459730131959361e+01
6.825511582504947228e+01
8.904935710081959144e+01
9.677320141276885579e+01
1.031048675900228773e+01
1.199369470137591165e+01
9.981002080135166210e+00
3.329616120744438579e-01
-2.518950040879183172e-01
-2.253184403081837095e-01
-2.301146412893898541e-01
-2.324437619433361579e-01
-2.361393047601854089e-01
-2.371378808084791956e-01
-2.298453762468002370e-01
-2.234731538852591792e-01
-2.234347609806486279e-01
-1.479766793267746072e-01
3.857747253243271057e-02
2.597616182303585930e-02
1.893010643358021827e-01
4.348071360238247030e-01
6.757067402403229561e-01
1.048483352691469417e+00
1.406417917716202393e+00
1.077399337830599269e+00
8.581276827641389771e-01
6.901606016652953590e-01
4.970276402570337204e-01
3.339588464418973279e-01
3.225214353614584972e-01
3.123611006388236078e-01
3.246109173518373359e-01
3.461913882159131095e-01
3.965755620246487201e-01
4.590819342388585689e-01
5.023253476496921666e-01
4.633712620214814892e-01
1.165538392704791315e+00
2.700465422403141025e-01
2.306046173569565871e-01
1.480949854598584414e-01
8.608125006211175823e-02
1.994237214867355945e-02
-5.076352836066522212e-02
-8.435878480434905180e-02
-1.027285121110842470e-01
-8.305011711260168461e-02
-1.626091938306717943e-01
-2.323082243701338756e-01
-1.222464362009801908e-01
2.398968078540009152e-03
1.086148714412028538e+00
1.005420766126010612e-01
4.035050468361711662e-02
1.856621215556775173e-02
1.568019440604384585e-02
-1.522157450626967501e-01
1.815816475970437693e+01
2.066511839235048242e+01
2.750102106273509150e+01
3.814991043212355937e+00
3.314115586076636077e+01
9.006533056700007478e+00
9.683704891428918771e+00
1.068323512639761574e+01
6.220918441573806490e+01
8.150233770331862360e+00
1.986180943146139688e+00
-1.251043946459117762e-01
-1.505489936866032386e-01
-1.338995421769560989e-01
-1.367688102633458636e-01
-1.570163588727243043e-01
-1.335299688971067766e-01
-1.476906086378798610e-01
-1.354846204857320657e-01
-5.689592257633796502e-02
2.777622750174657540e-02
1.202463662774264641e-01
2.874897795595772187e-01
5.501126694604343559e-01
7.653694624923289558e-01
9.261976641542202238e-01
1.190916661263652365e+00
9.111145626132031161e-01
7.140818653249759729e-01
5.345512416680525680e-01
4.141717880367095095e-01
3.055330505118112328e-01
2.961027942262004498e-01
2.954261038454758515e-01
3.396395652408245036e-01
3.947704867776862248e-01
4.663076899605125281e-01
5.881948354547468227e-01
1.513558005095316350e+00
1.194173282112839463e+00
4.628993195249270221e-01
3.901805774468098953e-01
3.114744884006159786e-01
2.461040068849528195e-01
1.722330523578533557e-01
8.172448187110048501e-02
2.517478920453575242e-02
-5.538426204882096471e-02
-1.347565265738119300e-01
-2.001335131320646221e-01
-2.708845144401424432e-01
-3.457469452959553990e-01
-3.308862347911694091e-01
-3.161191341524319798e-01
-3.308997120150073412e-01
-3.279156568543644124e-01
-3.255064755845867852e-01
-3.493254209719539594e-01
-3.565875666980615200e-01
3.377375722048152795e+01
5.175618074261646484e+01
5.795600113804743359e+01
6.662083134454832134e+01
7.144824508681969633e+01
6.702649492604450643e+01
7.095130502490316360e+01
5.135498897744795954e+01
5.715506829533855182e+01
2.768180654461440682e+00
4.127267166892099048e+00
-7.468328580166988528e-02
-1.246775385391211133e-01
-1.230518506696380854e-01
-1.165519602951669564e-01
-1.636600761815572014e-01
-1.723820295136644365e-01
-1.522308991359820340e-01
-1.609077457792003063e-01
1.124302456310483089e-02
-6.202700155934381954e-02
4.510636731101169694e-02
1.867996777663369912e-01
4.563800535103045286e-01
5.283934047612052209e-01
6.910800107653369828e-01
6.856477428394797125e-01
6.769178805672368959e-01
5.442909381987729445e-01
4.289673529477042724e-01
3.114879392597016405e-01
3.128619102891154746e-01
1.560298280032202944e-01
3.537986132156694552e+00
1.595239626756916884e-01
1.941399465732891461e-01
2.887716085643936559e-01
3.659564634961046670e-01
5.093856559307596843e-01
8.503078719852018574e-01
1.481797647123238137e+00
8.516002595359880578e-01
8.903179823316869079e-01
1.351783737710776423e+00
1.734758524627544762e+00
7.738761458380426506e-01
1.602388157084125186e+00
1.650168261582911855e+00
1.478716040838081724e+00
5.713681298781050355e-01
9.677953963604120080e-01
8.413130633718295392e-01
6.635503281798180719e-01
2.649738197529499795e-01
4.501330079767851267e-01
4.662794270513878070e-01
3.146040674580288243e-01
7.622025315057182615e-01
6.354168597156164555e-01
6.666731539450109212e-01
1.001650165061884201e-01
9.855927016071298619e-01
3.035506799512143417e+01
1.510764624979915638e+01
3.765950411258073416e+01
4.666809782818652508e+01
6.295709819320168066e+01
5.475354262437697628e+01
6.267314941182873689e+00
4.821141478127566771e+00
2.324648333247401499e+00
-1.745341865555558591e-01
-3.275835907500626032e-01
-3.280232813809222936e-01
-3.351638826131380089e-01
-3.374278788833790510e-01
-3.293891954910283526e-01
-2.087566586629028276e-01
-1.550217664870482959e-01
-2.894351249442229657e-01
6.658098452810556900e-02
8.556746712493967788e-02
5.481138883859855149e-01
8.820098873612876034e-01
1.055472877959237721e+00
1.429919356924082452e+00
1.779001660166482868e+00
1.336215288516706012e+00
1.051513610538369115e+00
8.339525498799073011e-01
6.506968543272548811e-01
5.454723611243090797e-01
3.937469538443690853e-01
4.061565537714938445e-01
4.330427237988949685e-01
4.162625892294062879e-01
3.632903493122480176e-01
3.258839146496668171e-01
3.088747073189962444e-01
2.617664820779854740e-01
1.209380184196547914e-01
6.476220001199184395e-03
-8.865220018474018193e-02
-1.805809003390631551e-01
-2.630079080120887314e-01
-3.261273131661298619e-01
-3.683199567113695228e-01
-3.456038442889709517e-01
-3.483537178420299529e-01
-3.619076636931293778e-01
2.722984414455010160e+00
2.259728774798520590e+01
2.905897687354303471e+01
1.446429224841482153e+01
1.478650099673865270e+01
1.198556971116788272e+00
-4.924280584794220594e-01
-4.839605494782683870e-01
1.010374543283209192e+01
-4.551910942394752357e-01
2.945814372224396038e+01
3.226560562241310492e+01
4.282778383547325518e+01
5.443145401234621517e+01
5.192054905537970910e+01
5.371550728207374448e+01
6.507845884955645488e+01
6.856250408820696407e+01
2.714317437715594039e+01
2.844704676961988099e+01
2.721985078329374730e+01
2.226350058829382306e+01
8.089206463116140888e-01
6.740439790758216976e-01
7.987138157513831160e-01
2.515022645076204766e-01
6.051881422318394765e-02
-1.523951303283049286e-01
-1.563537772188273722e-01
-1.662697406833854585e-01
-6.858284172207823604e-02
1.017285761114190556e-01
2.981647560656744966e-01
5.405234876576402447e-01
8.050199806553974824e-01
1.094982651443801247e+00
9.470887150235545171e-01
7.894997294011083522e-01
6.096150941614505436e-01
4.053322996236340403e-01
2.708189050830260847e-01
1.220940766184339665e-01
2.823742081365665513e-02
1.157250894361527838e-02
9.876042301615095553e-03
7.062811734082419246e-02
1.337109953727391165e-01
1.884588092801269266e-01
2.444803865111393470e-01
2.982881382542825754e-01
1.594751446360205271e-01
9.508221265926519727e-02
-1.018503816500510029e-02
-6.876711541604763056e-02
-1.087998736737692540e-01
-1.694316385161052096e-01
-1.723735225393319137e-01
-1.764314901006655001e-01
-2.204323571526117798e-01
-2.736270304473891746e-01
-2.890549812197321100e-01
-3.341713065893607837e-01
-3.945270211804619565e-01
6.774071836931245816e-01
8.278142237371010737e+00
-3.743799484288887758e-01
-3.665269133063894236e-01
-3.564231695243972320e-01
-3.481459359620791005e-01
-2.152219058780228123e-01
3.002333506722903422e+01
3.527902708310257651e+01
2.298763748022815889e+01
2.424403773742364621e+01
2.598266549121780145e+01
5.037618433700174592e+01
5.739505017109779317e+01
5.259981926275980868e+01
4.780745825792044101e+00
2.304538690614115204e-01
2.194702698540973440e-02
1.758059010116125975e+01
5.811362201734929789e-01
4.953380442611470258e-01
3.918132791539942206e-01
1.692940554421595856e-01
7.638396533630431584e-02
2.913991782968947675e-01
3.152207709936609703e-01
1.108300618919892955e-01
4.424058159807258139e-01
3.246945589071632554e-01
4.745270416616239606e-01
9.712599784741368092e-01
2.028814269446043816e+00
9.840602254633287416e+00
7.161775428833956347e+00
2.484154336253169504e+00
8.697778188179107417e+00
7.065201555353093354e+00
5.281655946586235828e+00
9.307101504152910820e+00
6.463420511894346632e+00
6.673380531096489321e+00
4.360272278802208135e+00
3.556100336341352364e-01
1.158534370243033962e-01
1.334569852566493964e-01
1.264136016396142370e-01
1.571562277004383557e-01
9.355473741605435656e-02
3.300714644433300204e-02
-4.717886721256031590e-02
-9.812702018349672706e-02
-8.373535225819972450e-02
-7.464446740946706349e-02
-8.556684279851733965e-03
7.840273414101428529e-02
9.018207410165257620e-02
4.959847409973905386e-03
-6.409482144785327851e-02
-1.353283566626607981e-01
-1.925738346429780590e-01
-1.848448809526461178e-01
-1.779329110027387251e-01
-1.735594613895695693e-01
-1.792739424560557127e-01
-1.872249213447993443e-01
-1.651001483854740437e-01
-1.641395051985179432e-01
-2.348379064261799098e-01
-2.868317341603847104e-01
-3.616773894083108454e-01
1.072553226169126006e+01
-5.568191546306476836e-01
-5.530299445915161094e-01
-5.538379560343447139e-01
-5.029324957086233061e-01
-4.026953272377866710e-01
-2.196907247431507670e-01
8.613747101207047674e-02
5.193414027430699464e-01
2.524562418842003275e+00
1.934067483003504728e+00
1.266346931962626243e+01
1.205691361276242013e+01
2.396086930375651569e-01
-1.862996839063821297e-01
-2.751706855415081421e-01
-3.059541006598120449e-01
-1.610887207004686461e-01
-3.865710342258188437e-03
2.156799619904585796e-01
4.662406195539523512e-01
7.116946006447550932e-01
6.879715559591259577e-01
6.471940855343789600e-01
6.134477342800169763e-01
4.762570400605624643e-01
3.371185447963996884e-01
1.718913023336168244e-01
4.113280842871414045e-02
-6.319689652847110262e-02
-8.057106131883595701e-03
9.118303141504757736e-02
2.161836622537324226e-01
3.241675151322566117e-01
4.627039225474658402e-01
7.824102561884497264e-01
5.428887424957634655e-01
3.234705740735639434e-01
2.571506965951538826e-01
1.894610269183567564e-01
1.592875468177338272e-01
3.510011075297051475e-01
7.715343532760996492e-01
6.905241339213390450e-01
4.014494572506952963e+00
6.667219904866919400e+00
8.553842199962257808e+00
6.857248179460917470e+00
3.870566442314761879e+00
5.783733488732954697e+01
8.584993611801444713e-02
9.412091900570285219e-01
2.678563501851320794e+01
1.386657679117472064e+01
2.477892931865938664e+01
1.272449831298219003e+01
-4.388203859569393961e-01
2.798283544883914686e+01
3.058747482314929300e+01
3.569389265701616409e+01
4.102241061674026668e+01
4.275790998638520080e+01
4.228080809004674023e+01
2.359383575569909297e+01
8.581706193496563273e+00
9.117222861889911201e+01
9.946793552162509400e+01
1.072403110093156897e+02
1.124501237906324604e+02
6.213045930795051675e+01
8.551214115189891274e+00
5.173794839164287396e+00
9.358993274156629516e-01
2.528869978758064851e-01
-1.525223723781138352e-01
-1.954298808991747904e-01
-2.147386370132879918e-01
-4.637725818778704046e-02
4.924497713414263123e-01
4.038068559516694300e-01
2.339268946392574655e+00
3.396638143006093014e+00
3.909186456230762552e+00
5.594115043334944914e+00
2.601583155554778770e+01
3.060167466990486673e+01
1.679959354971992980e+01
1.390140656115495510e+01
1.276109349005704985e+01
7.532139888818878859e+00
6.968867578653288319e+00
1.438089500293549872e+00
4.689895699156407805e-01
1.196117628439292702e-01
1.362063810662095253e-01
1.881717620101808208e-01
2.620026701878104269e-01
2.525743542653497986e-01
1.714144691287832201e-01
1.179529010779550857e-01
4.323667805453057511e-02
-1.983615891290829714e-02
-4.622195143517837668e-02
-4.718489334637093746e-02
1.048338598431200475e-01
-9.535188850278675243e-02
-1.554206565562882836e-01
5.931805808272040181e+00
4.914120077007724241e-01
-3.774095156039251053e-01
2.113816031170567822e-02
-3.527535890442615729e-01
-1.224422116717954756e-02
-3.468426007985347947e-01
-3.301871745831276850e-01
-3.297339275461190766e-01
2.876567302989685437e+00
1.126863675487325978e+01
2.429872873082069873e+01
2.643152014174253850e+01
1.126720607398773666e+01
1.002728125813037785e+01
2.924413440799578101e-01
-1.079764122478114041e-01
-3.031224998665660864e-01
-6.012198090563747321e-02
2.840030866660619990e-02
8.930283088121659940e-02
2.486538051745580402e-01
4.923059146752645221e-01
4.069968331968027986e-01
3.299785225678403267e-01
3.054772060950654566e-01
2.859450224620260217e-01
2.417692680232156333e-01
2.364289809641600959e-01
3.213556518234378379e-01
4.535738479144918456e-01
6.977631180977373893e-01
9.276796704775078783e-01
1.172861617591913763e+00
1.023116849100794923e+00
7.871216597719802310e-01
6.724791230100195527e-01
5.812294503318976568e-01
3.726901087285870995e-01
2.667297831798540741e-01
1.391383116793485364e-01
7.432145381643950888e-02
5.740812765725100686e-02
1.446619478041130114e-01
2.448267644820649735e-01
2.972622566682536771e-01
3.470352892033937708e-01
4.549858627247368448e-01
4.616171797787358422e-01
3.042866211578589830e-01
1.819516237813791903e-01
8.634778628191952521e-02
-1.280203810195551517e-02
-5.445282488254010733e-02
-6.662725256587664902e-02
-6.056616652931035016e-02
-3.819311670216318788e-02
7.668735705902207656e-03
1.764089706851779127e-02
1.886128353330018825e-03
-1.743442290692343022e-03
-2.819679152384463316e-02
7.767147576661090902e-01
-1.177758341985866153e-01
2.932095351390079152e+00
2.962310817654703943e+00
2.596418156253187615e+00
7.725534640381950702e+00
1.022678524318333393e+00
2.062391139082849767e-01
9.576622709038845604e-01
1.372134960111263124e-01
2.330890359299963421e+01
2.931815932046075091e+01
3.375422669568844469e+01
3.101025895550046130e+01
3.058126556445386512e+01
3.000998692734201967e+01
2.533783099263536798e+01
1.074433559412702799e+00
-3.839149778329801199e-01
-3.489067806936656524e-01
-3.043930838705706798e-01
-3.368950467037281626e-01
-3.519248044829555999e-01
-3.646352821170089076e-01
-3.642683302560818515e-01
-3.599469336533681618e-01
-3.618358831787672480e-01
-2.343312219185544887e-01
-8.733071651979817940e-02
9.347212910318414281e-02
3.079626131042084713e-01
5.722176861693076821e-01
7.464299864504505555e-01
6.663650013090585134e-01
6.267994183665782648e-01
5.899198478559600778e-01
4.764665429413774689e-01
3.954951191940635491e-01
3.039018508821571540e-01
2.860851456282793581e-01
2.828833386454975285e-01
3.553218624507797907e-01
4.051535918457115359e-01
4.695074120524129757e-01
4.636078165960493269e-01
4.208233854357603665e-01
4.056882492468179002e-01
2.651360922530239250e-01
1.217055972300166156e-01
1.071879160711652901e-02
-2.498889505722284854e-02
-5.831145117654373822e-02
-8.075729274137916081e-02
-3.584542716357097536e-02
4.796482982797667383e-03
6.044640969067116565e-02
8.143197873012875121e-03
-6.449590840272467762e-02
-1.704968809623848003e-01
-2.703793544318251474e-01
-3.625654447057062302e-01
-3.738142816508378541e-01
-3.804934968255621608e-01
-3.976565011315866816e-01
-3.983951384516600802e-01
-3.837109768377245378e-01
4.052114599685764063e+01
5.447930829054217838e+01
6.458717832455482721e+01
6.375148558788589526e+01
7.643416422016017009e+01
9.090952269966437882e+01
1.053267262175279626e+02
1.037115136773260815e+02
1.004888975049725417e+02
1.021462241321766697e+02
6.122323944174445032e+00
3.515900528484659393e+00
2.597267706200929727e-01
1.861636076146490071e-01
-1.578089477614278424e-01
5.097864840736776593e-02
3.685856172244892370e-01
6.486067787303104737e-01
6.121690748601837928e-01
1.221479904147581674e+00
1.267806261956817782e+00
1.789937316944365087e+00
1.488431612717455943e+00
1.829989737180280018e+00
2.029092872594442376e+00
2.345349012655057130e+00
3.437928810099622368e+00
4.865778884983253505e+00
4.548996935850556866e+00
3.356059401328747249e+00
2.737009053365477840e+00
3.031832864073143341e+00
1.433931783425674844e+00
9.548009953487760493e-01
4.703716817305839903e+00
3.168131083864660802e+00
3.774214814636450477e+00
9.002479730418129211e-01
6.758811276930678513e-01
6.285070488476459660e-01
5.063994818919350660e-01
4.478257571067854048e-01
3.894860247899287753e-01
2.331078740754276568e-01
1.146505449677664989e-01
2.289097269481965569e-02
-6.114455533897666939e-02
-7.416624709226249390e-02
-8.557443353322113921e-02
-6.943884148459394945e-02
-1.156164353855360094e-01
-2.049324783826005913e-01
-2.778259401858615973e-01
-3.298884976985898554e-01
-3.788045999387844587e-01
-3.724658610341945453e-01
1.698730728335567264e+00
4.810011712980974963e+00
4.883159050145724933e+00
4.327358392573882995e+00
4.624159859069521872e+00
5.833904457955183531e+00
2.563495814800525352e+01
3.550047606133028921e+01
4.644957496594729918e+01
9.546369360022153217e+01
1.110668390447020641e+02
1.108773011244252018e+02
1.107051060700619018e+02
1.100346539500390008e+02
1.086670242352731819e+01
8.363652314772618723e+00
3.223332246525925981e+00
-1.326975714485080227e-01
-1.052297823884505990e-01
-1.451442429109859322e-01
-1.371818284610529792e-01
-1.601892324771418963e-01
-1.660268710795826386e-01
-1.698273512318516087e-01
-2.005701951689559115e-01
-1.854242373784877884e-01
-6.887647031902022210e-02
5.280374912132523857e-02
1.890415187093651417e-01
3.476205768450778555e-01
5.364928154347896605e-01
6.077295282144689059e-01
5.250347376238370112e-01
5.188712106581870875e-01
3.658106232473008479e-01
2.909466395311410825e-01
1.432071899092728362e-01
2.175081130845475386e-01
2.575071487773983314e-01
4.197256963220485915e-01
6.703501332067427487e-01
1.023903034471512763e+00
1.086080946063200603e+00
1.109050469243255455e+00
8.702349097419290747e-01
6.659361934207537193e-01
3.923499165554711343e-01
1.940817201562348160e-01
5.882867933437507801e-02
-4.542232950891367249e-02
-8.834702936846106081e-02
-8.952362539231301097e-02
-6.608630039594437511e-02
3.655670118847427208e-01
4.713691437814957474e-01
4.495943868741449911e-01
4.749383439389693873e-01
6.891378341038495448e-01
6.154329519756876365e+00
7.694530799725630921e+00
1.033191773569523164e+01
4.878946731015572880e+01
1.102518933362695286e+01
3.139180363617381886e+01
1.144545309685319623e+01
2.888240352784836773e+01
1.215468746267633371e+01
1.416448028865229691e+00
8.557747227479448604e-01
6.603584584775858968e-01
3.685070324483562532e-01
-1.354449196875209260e-01
-4.134318364536266333e-01
-4.287982218819399449e-01
-3.656088330505354866e-01
-2.803357988358532449e-01
-1.723318837948983329e-01
-3.808415568446399391e-02
1.183031358242017106e-01
1.216018545323287459e-01
1.144649665597784471e-01
1.260500726586339937e-01
1.469441047054765859e-01
4.065557015800023155e-01
1.260148305546067604e+00
1.064928289940391792e+00
1.490413669072119029e+00
1.897159962304102221e+00
2.331777604458200592e+00
2.623671141488724157e+00
3.022951107126309545e+00
2.656721039907726123e+00
2.349838779709764403e+00
1.917971786532447265e+00
1.769629219724699443e+00
1.595145739150273023e+00
3.707567460099001178e+00
2.082304164888768128e+00
9.944477141622947158e-01
9.249916245632265888e-01
9.295232022810561157e-01
8.168189838595260044e-01
6.100255610607021595e-01
4.437593781139802518e-01
2.835372711330619300e-01
2.087651957183844775e-01
7.799323855908335545e-02
-5.207305072922202571e-02
-1.463592528068578535e-01
-2.403467582569450700e-01
-2.918538068730316959e-01
-2.939437408714216660e-01
-2.660974496515103316e-01
-2.300570555989027710e-01
-2.463352072586377783e-01
-2.928728236050499589e-01
-3.685118617544050901e-01
-3.872085950855864711e-01
-4.297489416462874079e-01
-4.176817012432200160e-01
5.824107042752107999e-01
9.681497553333340278e-01
-3.714121135482766345e-01
1.906936025263260781e+00
4.641985772418950162e+00
2.106127233291059753e+01
7.307100143175146556e+00
6.599566888613964011e+00
5.910977895789775616e+00
2.284138249262263187e+01
4.703386348805344674e+00
7.742616978594744737e+00
6.706973954610156774e+00
5.680692685555515098e+00
3.889980560044511204e+00
3.282635431642946244e+00
4.626559406660130103e-02
-1.675140860150616806e-01
-1.579679335415692387e-01
-1.675447287887984471e-01
-1.762573296952378299e-01
-1.884350270624897128e-01
-1.816725752546386463e-01
-1.034794107024161747e-01
-7.886474887782823906e-03
7.907405611413564905e-02
2.427104853662942485e-01
4.115414680698142869e-01
5.099051668399208204e-01
6.329807731512528957e-01
7.171088353232828450e-01
6.244072608485566889e-01
6.627529714053917997e-01
6.708315289717629026e-01
5.008288668323317427e-01
3.723733788623357910e-01
3.050969067977039595e-01
3.529559718423507242e-01
3.883037999789965555e-01
5.518508751635073928e-01
7.717337109566322351e-01
1.082539876696453796e+00
1.065116459024118889e+00
8.892041268373247487e-01
6.762116516065950211e-01
5.163619203859985962e-01
3.922361245635530569e-01
3.485308331514878066e-01
2.557693142482102555e-01
1.812257189377100008e-01
1.104611496354649391e-01
1.291490497725695796e-01
9.492154094509608342e-02
7.466927968608683130e-02
9.691142922122586434e-03
-6.395848889397298676e-02
-1.254533519739983172e-01
-2.216529200684354550e-01
-3.265015280789143604e-01
-3.250726739576565993e-01
-1.540722755818880740e-01
1.100525721187430150e+01
4.442262400003787803e+00
5.872918036043069279e+00
2.157657830672208021e+01
4.127039797762077455e+01
4.999350080831675314e+01
5.830934447487631189e+01
5.916363657073556226e+01
6.520107489168762527e+01
7.979257916262153572e+01
7.793684989132658814e+01
7.098709749519215961e+01
7.068293774724568834e+01
6.230994101012019826e+01
5.681538821327001187e+01
4.705506444174133662e+00
3.596417630586973280e-02
-1.269748335856221710e-01
2.981297226424817204e-03
-1.339008462162656343e-01
1.357949921436257812e-02
-1.273229772593275633e-01
-9.742419970763283033e-02
-7.655579740931423016e-02
-2.304272130342582825e-02
1.662098945991954402e-01
4.555085690771027984e-01
7.974149834120490832e-01
1.213763448150952939e+00
1.626662546721374669e+00
1.677801001954370985e+00
1.325497545289378465e+00
1.293149624962075084e+00
9.844425444643162271e-01
7.526896473035903368e-01
5.988566116426937702e-01
4.709150809626014844e-01
3.408744400751428927e-01
3.741228055843299760e-01
4.289988683851265749e-01
9.848277515421258732e-01
4.720234274980104061e-01
4.166008094267739104e-01
3.325274203157353448e-01
2.052382234795757654e-01
7.924487457189743900e-02
-2.359986558438637028e-02
-1.158258890247820805e-01
-2.073501066430468165e-01
-2.541694597224435359e-01
-2.426658566575022880e-01
-2.209897714893904741e-01
-1.981398263663154413e-01
-1.960963341228703638e-01
-1.971206280625669716e-01
-2.176685309601941176e-01
-2.356256617193705494e-01
-2.558136145260017646e-01
-2.507000682300172256e-01
-2.539076044962681467e-01
-2.752344102962157035e-01
4.931966969846300897e-01
2.603333553322531024e+00
3.733322828857556175e+00
4.209750055915266742e+00
4.101759299478842991e+00
3.781522903600652352e+00
3.944010594267083114e+00
2.012912979064181318e+00
2.604224801850724358e+00
2.905243715501125479e+00
4.499648795456277384e+00
1.124918904700256306e+01
3.632403954071506291e+00
-1.376753234319851860e-01
-3.970614324930099581e-01
-3.979265239118769948e-01
-3.838168213524610906e-01
-3.904250989182449505e-01
-3.957165498289972327e-01
4.905162721595362818e+00
1.408827343890289630e+00
-2.571809416731415943e-01
-1.762197364529115573e-01
-4.662947108317672118e-02
2.050223024979371811e-01
4.377343005641217699e-01
6.870087601875726202e-01
1.049179897026219166e+00
1.475771317166587826e+00
2.258589730633496107e+00
1.665928074167564610e+00
1.865560133914320629e+00
2.074559088243450589e+00
2.110469101088571886e+00
5.223546494078881608e+00
5.108216075639194997e+00
4.347300507214786336e+00
8.786861676490101303e+00
1.221067699884716440e+01
8.181823709368195807e+00
6.752249696683642277e+00
8.299351094262270578e+00
5.317805428023883785e+00
1.914997974313196849e+00
7.870528692092817469e-01
6.751528084479777592e-01
5.392552429796436675e-01
5.505708307351678821e-01
5.241461981290389538e-01
4.486314009060511365e-01
3.605328609987606958e-01
2.281896136207995918e-01
7.878370402083045843e-02
-5.183803117605045863e-02
-1.930903232165873673e-01
-3.173238380914099599e-01
-4.149697826640773024e-01
-4.644317751937554473e-01
-5.079175604682595324e-01
-5.090814469664384223e-01
4.210891725970416388e+01
5.744994621063318618e+01
6.703610296079324371e+01
7.693988654510631875e+01
8.023444988341928763e+01
8.203862365598725148e+01
9.201646051246427760e+01
1.136539718770883383e+02
1.231595809002151611e+02
1.391169960733321602e+02
1.515975975358365986e+02
1.401467615257769239e+02
8.244671544245122163e+01
1.316926684030961070e+01
7.604958437748860156e+00
-2.819727184685664190e-01
-2.259499556763886474e-01
-2.058020731499051181e-01
-1.854953927499230493e-01
-1.697512242099976087e-01
-1.013486114251206383e-01
-3.734456584665113432e-02
2.111865651588651360e-02
9.822834474728892040e-02
2.819592375583817034e-01
5.234853616840899893e-01
8.265957465376010393e-01
1.209901940736215709e+00
1.955150528658801345e+00
3.260509983600400119e+00
5.337193438824550995e+00
2.769513646508754867e+00
2.567737865823799481e+00
2.354029096804722609e+00
2.244551587688450756e+00
2.158555488536906708e+00
1.967156055162222916e+00
1.899161718382328834e+00
3.183919726746993639e+00
1.418665256159546306e+00
9.923806054888681949e-01
1.211291715939879499e+00
1.213188226927188751e+00
3.661633098477973247e-01
1.804299663851046676e-01
3.826690375421544221e-01
-1.139932605941489929e-01
-1.981671535559771380e-01
-2.586524686006477225e-01
-2.893262421433336895e-01
-2.849388727437990321e-01
-3.072300752777442079e-01
-2.475814410214846051e-01
-3.899688626700995031e-01
1.066797443419075009e+00
1.379435561416427092e+00
4.543757848679468481e+01
1.845672006297214551e+01
4.707219205457389144e+00
5.727522803536179374e+00
1.674024053332446726e+01
2.223839550848495605e+01
1.682940101455961823e+01
9.132001756244468638e+00
1.037595126630680298e+01
4.265795788896740959e+01
9.713172933546008636e+00
4.805333200812012961e+01
4.872509667206681883e+01
5.499212364033288480e+01
4.831928716551470870e+01
1.250994522800476183e+01
4.931582866197993908e+00
9.066798792006952601e-02
7.456242694679798833e-02
-1.681712182681582846e-01
-1.139628300551978057e-01
-1.279014224513196907e-01
-1.199510234202531556e-01
-6.732670984609945286e-02
-2.267253470128399728e-02
7.476290136776209128e-02
2.844294257353477962e-01
4.588784831573469170e-01
6.340993367529168534e-01
7.254093298797067435e-01
1.049438198991889060e+00
1.319897585369337101e+00
1.821421537559859694e+00
1.890911345926939546e+00
4.233058290833199955e+00
1.964272367133677921e+00
2.047862439615506069e+00
9.385618402714988040e-01
8.727725031877811013e-01
8.335561999971941027e-01
6.906390444222987313e-01
8.171129529237135536e-01
1.163816067851479730e+00
1.402544317510808103e+00
7.885511157958633444e-01
6.560467349954629546e-01
5.724059639617622430e-01
5.561581432816480319e-01
1.042664348679267938e+00
4.862214822288519755e-01
1.515542369465796568e+00
1.093537082030954899e+00
1.085759554338971755e+00
2.219909559262749355e+00
2.158983861752067135e+00
1.335975323774538648e+00
1.346205162622289953e+00
1.217292254165030840e+00
2.473757148039870124e-01
3.187637426516027883e-01
-3.310562030031761194e-01
-1.034700773227280601e-01
1.811720381642900168e+00
6.008408765694360554e+00
8.532675789504096997e+00
1.040345020083578476e+01
1.274622863264366934e+01
2.468983195985153145e+01
1.458879129776007133e+01
1.211351815284547939e+01
1.348532452116536007e+01
5.160194656525152368e+01
7.696974667696039774e+01
6.420309865862913057e+01
7.998550995845207012e+01
3.899645232216894897e+01
6.349380281423655958e+00
6.363442631869657973e+00
3.711416078269293983e-01
3.291184862217131357e-01
-4.811455490070327135e-01
-4.755716655585823238e-01
-4.791909583695864727e-01
-4.585997746888991755e-01
-4.300577523143766512e-01
-3.889931709091215550e-01
-3.410441652618364516e-01
-2.692989778531893474e-01
-1.562724981030019222e-01
-7.202430846983443047e-02
1.266507273869968975e-01
1.252382509114496756e+01
1.878736462541699792e+00
3.080417516270740563e+00
4.204864709397011957e+00
3.124293701628370279e+00
4.150068463551460418e+00
4.696250701274442996e+00
4.886499764777042287e+00
5.102052600037978003e+00
3.768491265418809189e+00
4.284652685781741965e+00
4.926142401713535790e+00
4.395796440557626639e+00
4.467109015202137101e+00
4.513564383489445220e+00
3.888110965867940472e+00
3.435471975604048378e+00
3.089995694078861543e+00
4.093233984498819922e+00
2.251068774936642036e+00
4.599743330548141884e+00
1.326554732200389441e+00
3.152566970596644147e-01
1.131922088989629760e-01
-1.112601358236353644e-02
7.459661635725706175e-02
-2.371910383498126995e-01
-2.931167590125191014e-01
-7.721135730567740829e-02
-1.343691131373953018e-01
-3.478690602559915135e-01
1.933711328350824932e+00
1.849323623536872674e+01
2.478919155293511878e+01
5.250833868996615195e+01
6.585751615927728153e+01
5.808641207992661748e+01
5.332806826076092932e+01
5.032554567963326519e+01
4.972336375172895373e+01
4.892796460817725546e+01
4.458372171379659932e+01
4.999815599378301556e+01
3.020169510262305579e+01
5.412688509768469203e+01
7.643966713846552352e+00
7.725683643359120722e+00
7.609265610343477704e+00
7.561538711881858887e+00
3.954045386703568532e+00
7.463824483267803345e+00
3.080410509487885751e+00
2.344990182907049636e-01
2.343866379992216586e-01
-3.185227293985348762e-03
1.852989142851110271e-01
1.144857819098193952e-01
7.315279450838341191e-02
5.189113886967966494e-02
4.577927893995703545e-02
4.807101057115614751e-02
-2.908843351689371914e-02
1.116965653469720321e-01
2.731500908452437759e-01
4.587583158108888837e-01
6.139644035254403498e-01
7.685697918034745113e-01
8.654515107525447837e-01
9.900750071767637772e-01
1.007133067476596588e+00
1.049727711270400876e+00
8.613184063130508994e-01
6.295565644377540959e-01
5.158309687445780112e-01
4.439609008155819270e-01
3.687275980869374470e-01
6.022966749420313182e-01
3.575493489509173894e-01
3.255902524817072541e-01
3.432199989993599543e-01
3.605183077627281962e-01
3.865640463073751754e-01
3.509855446678505908e-01
-6.180061921557478133e-02
-2.243874524251677771e-01
-3.204109880276826416e-01
-4.174695624942825756e-01
-1.924501869178079083e-01
1.535952086159103658e+01
3.727847795665429231e+00
4.025705089297464845e+00
4.118556506044073018e+01
6.037284431366381909e+01
7.888163055846770533e+01
8.050779436435809089e+01
9.497091524849393807e+01
9.136252229166939287e+01
8.191359445881573720e+01
8.611921467939291119e+01
8.634433980896126570e+01
8.736508171280036095e+01
8.091747453030177439e+01
8.439904175893811811e+00
4.424017245235618567e-01
3.863231645741660447e-01
-2.136064305446654377e-01
-1.686266927345128064e-01
-1.771954572846317633e-01
-1.883682989720610879e-01
-2.063635243905089234e-01
-2.184565154515066832e-01
-1.690513217172332494e-01
-1.128776936982029966e-01
-4.645826657550189420e-02
2.264027444351279783e-02
8.992591869446941999e-02
7.013979898621147679e-02
5.776398537291926871e-02
5.186732699977003591e-02
5.088073688240823955e-02
4.886535993594054439e-02
5.193688447744404524e-02
1.136782217330074563e-01
1.938932295339161893e-01
2.907009924795476152e-01
3.717180230575334310e-01
4.863277505246539345e-01
6.072286540767020124e-01
7.512847415450112365e-01
8.039545896525854829e-01
8.872004620506237504e-01
8.392089735327300515e-01
7.655430166136291126e-01
6.795256843199323216e-01
5.651605412679613361e-01
4.684972240966608359e-01
5.598270078991637311e-01
1.842670115716079637e+00
3.426911499184252641e+00
6.131309141192808454e+00
1.769447795480816543e+00
9.169951861712060115e-01
6.018789673166041743e-01
2.636851872927028495e-01
2.828142599861510620e-02
-9.398201937246875026e-02
-2.452131718317017151e-01
1.528920945422985733e-01
-2.085453881246641661e-01
-1.415316998194923181e-01
3.142774971977159026e+01
4.800209963818969072e+01
5.968952483894020133e+01
7.177689580198048702e+01
8.055371173123995732e+01
8.531975176330975330e+01
8.458686042872258781e+01
8.166142551879462985e+01
8.561296679143461574e+01
8.321973421097392531e+01
8.333383457068009648e+01
8.038372096030650482e+01
8.184515875784688532e+00
1.961742088445318499e-01
1.132923044758518127e-01
-4.923524157273506674e-02
-1.602863601135997018e-01
-1.560342494466755436e-01
3.420110285892576929e-01
-1.400146419835484046e-01
-1.137357088571852026e-01
1.008244864767445792e-01
-3.932670540744376275e-02
1.366246745353549841e-02
8.001908898663212533e-02
8.790888039568156564e-02
1.011600582578862095e-01
1.112520395335006018e-01
1.069695061229005706e-01
2.190320953186662978e-01
1.313265667205429921e-01
5.350255702772237498e-01
2.522149632771978345e-01
2.286810500849987271e-01
1.286476764307513676e-01
3.302557969635194768e-01
3.661537806910439841e-01
2.910429000112983111e+00
1.545202788245346071e+00
5.024557089863068704e+00
2.183762682464146287e+00
2.955072736638874265e+00
2.355052882604319997e+00
1.653602879999931830e+00
8.098866115016365441e-01
3.343048367935277376e-01
2.552598286391692950e-01
2.157911493884030474e-01
2.239136892810513757e-01
2.527199442520843276e-01
2.973889808595765460e-01
2.834535834804825516e-01
1.329778413407042281e-01
1.007013549026503085e-02
-1.080539174445934170e-01
-2.471772938569402056e-01
-3.617962757411017916e-01
2.798177910504617838e-02
1.601770364836583482e+01
6.504783638862872586e+00
6.845508219404038641e+01
9.917933335716649879e+01
1.299624011283917184e+02
2.101068527097498162e+01
1.701134092709185808e+01
3.986453785437873876e+00
9.875004551779008599e-01
5.116989215684738523e-01
7.093386964275564255e-01
5.763979274515783624e-01
5.161033180510994356e-01
7.080972617238814326e-01
5.416357717017623585e-01
1.025727023892019640e-01
-1.247402889809610671e-01
-3.475387946313485132e-02
3.167635447026828643e-02
-1.505479975866769182e-02
-5.717896569637392901e-02
-1.098432067059383344e-01
-3.181500166444661826e-02
3.713992850535474677e-02
1.869422344194568986e-01
3.122816890111954624e-01
5.398557680982323248e-01
3.962259536615936328e-01
2.885971630777731667e-01
2.016333286346201348e-01
2.148816563651054778e-01
2.426043498733444492e-01
2.297282889915863713e-01
2.091384916697801577e-01
1.204310164416821927e-01
6.743733506333293715e-02
2.660913637859847469e-01
1.229043342984055043e+00
2.468061937898821334e+00
1.599158177582997720e+00
1.119478466585045240e+00
1.484670164441757700e+00
1.691498303476685727e+00
1.879070572686736718e+00
1.675534593933173610e+00
1.269280984479013608e+00
4.298127656177836986e-01
3.673669278923130666e-01
3.340452915471628925e-01
3.135833346433507529e-01
2.837929114018225007e-01
2.607440154314766279e-01
2.300433516450668403e-01
2.614311226324235182e-01
1.503056028533811261e-01
7.059739998578273834e-01
1.047812083795636173e+00
1.035023209964570201e+00
5.338458053858256003e-01
7.045178062456916024e-01
1.233061709841519527e+00
4.682777658971776447e+00
2.192965501713768361e+01
7.598282708043806899e+00
8.441138057431238906e+00
8.299927495112775944e+00
9.527517291197455052e+00
8.056328567974155419e+00
7.105973482903801930e+00
5.875739873470477548e+00
1.891594515460864656e+01
5.808174204198127910e+00
3.098847744885129263e+00
5.384171048926158498e+00
4.210982539044577644e-01
3.705800743614037440e+00
1.711068335461815026e+00
3.772919178802950357e-01
3.414946425408610375e-01
1.009446881093526427e-01
-1.266691959194342632e-01
-1.170452581062457753e-01
-7.925624833888605947e-02
-3.314811945148221639e-02
1.936132215431929371e-02
1.086364158486813336e-01
2.322196388023930469e-01
2.507636747516464037e-01
3.271078636871428413e-01
3.341097978683414960e-01
2.706941821845199048e-01
1.960905877816370158e-01
1.239133782843594433e-01
1.047629635787661329e-01
3.592084736696743441e-02
-3.259566515633871564e-02
-8.976450367884858395e-02
-1.086110671948098405e-02
8.573659247426324015e-02
3.070958226701199223e-01
5.710876967178163399e-01
7.793306442458953764e-01
6.210946519547361211e-01
4.918480384552492701e-01
3.284016590734035734e-01
1.736291126612240499e-01
3.834897326062947087e-02
-2.115264143912870543e-02
-8.128824195588413293e-02
-5.693181941991182216e-02
-4.286875945653878528e-02
-1.926798208976698845e-02
7.162907840457144459e-03
3.368331417329772925e-02
-3.873860900421510767e-02
-9.952837841487993664e-02
-1.438605924335147890e-01
-2.502763891139288543e-01
-3.443001633252016358e-01
9.432610045891882677e-01
1.456987074982172947e+00
5.607114609295137164e+00
6.365610682949480292e+00
3.368287644823904259e+01
1.061757699784065778e+01
1.027174549603200049e+01
8.940747627840972100e+00
4.261489770354207174e+00
3.420574175714194975e+00
5.523296480712942547e-01
6.463088112526882867e+00
6.112637152215382175e-01
5.351198215129853164e-01
3.552595718721292872e+00
4.139723868470739365e-01
1.235361655534367720e-01
3.359988582566727500e-01
5.221218199747135191e-03
5.632416346400404006e-02
-9.159636746290389375e-03
-5.790855062830763123e-02
-6.472412504849989201e-02
-2.364166116421723141e-02
2.621761777940367910e-02
9.364250273382501710e-02
1.513079376071139182e-01
1.484674832529460087e-01
7.731505073824673779e-02
4.622298471777397388e-02
3.939704948811950658e-02
2.336064431488893423e-02
1.558738944601756327e-02
9.646951775116541228e-03
2.062396632208041147e-02
-2.274064414868015582e-02
-6.444436487080751341e-02
-1.048183900312572026e-01
-2.446081182354470362e-02
6.866840815651542584e-02
6.063833872028173699e-01
6.062170008298712887e-01
7.325896203908387472e-01
6.194519796049603455e-01
1.423112885016541984e+00
1.332888960137408318e+00
1.986919127700366827e+00
2.899128405934135344e+00
2.968144393500401268e+00
3.747141349087359963e+00
1.431974963528512745e+01
1.346464945044811756e+01
1.081133753872660463e+01
5.176143752375660156e+00
5.458808127648182573e-01
1.686431764351301377e+00
2.659696491251144490e-01
7.392684183578934753e-01
-4.396934761356657839e-02
-1.868272881200156443e-01
-2.333818433011283222e-01
-2.958192397992483458e-01
-3.370862621122302505e-01
-3.374468833405279700e-01
1.152133664720750961e+00
1.292434908876214550e+01
2.500738082240127369e+01
1.162184812168769454e+01
1.278309270375552131e+01
-3.486128838117950046e-01
1.315237471557934867e+01
9.742826163137182860e+00
1.433236349819486222e+01
2.974840129795854438e+01
2.791456396170304544e+01
2.756870982791452107e+01
2.072802691123678187e+01
9.014440180001107805e+00
-1.738673185986704950e-01
-7.479606053889087391e-02
-9.712832249369751647e-02
-7.366655977550407020e-02
-5.129511160991140351e-02
-8.856347740847203553e-03
2.586186196833883955e-02
7.039413722382803495e-02
4.125896722491417812e-02
4.467419640923364632e-02
3.689237549067414523e-02
3.520408834669019882e-02
3.857099124055052286e-02
4.694850317718957111e-02
5.274604257616344327e-02
6.238342454401213377e-02
1.399381413725964141e-01
1.494973444826148690e-01
1.670507132217542434e-01
2.373258344108090112e-01
3.988052168048481505e-01
5.221514107208893307e-01
9.499774667594000910e-01
2.074354618493750024e+00
1.501940800767392448e+00
2.454071971522203910e+00
1.215427438453228426e+00
1.011446283552709602e+00
9.369775101646264925e-01
1.215898810407690434e+00
8.036633076421251243e-01
2.182785983904007132e+00
1.078108959634782149e+00
7.510796996654915958e-01
6.797364812284815150e-01
6.108914123052741063e-01
7.366948639772010754e-01
5.644004704436177411e-01
4.999858041972651268e-01
7.142408435031957215e-01
3.599331304122492803e-01
5.098648739754935155e-01
3.627454265496667940e-01
3.281246026117356607e+00
5.449762807530703412e+01
6.823317505358227208e+01
7.473092006170402612e+01
8.790347864023635793e+01
8.713324709433771886e+01
8.012572016819675014e+01
8.323995234700871038e+01
8.224602457093249086e+01
7.869207960830014770e+01
7.489608037964973164e+01
7.478541910719481223e+01
7.808044088518002468e+01
7.390576949673857143e+01
5.021686881823471538e+01
2.542133828385615857e+01
3.966192310851678560e+00
-1.697947867050307869e-01
-2.500936945941881762e-01
-2.486484998209435027e-01
-1.455212305392770133e-01
-1.837675074027972366e-02
1.690318228730818273e-01
3.936088095952592347e-01
6.901734981930851553e-01
7.096186278204359432e-01
7.566371210203605147e-01
1.202108869064599350e+00
1.083148291510226624e+00
4.101396551031415427e+00
7.528977006109876413e+00
1.961800417117367967e+00
1.888260797271066327e+00
3.799263972460670491e+00
2.693643787749921970e+00
5.735946425560715101e-01
3.583087417483157289e-01
4.022387497742889728e-01
4.506490489086438789e-01
6.481730954470829031e-01
7.155488346322107507e-01
6.321624298397117148e-01
4.914291423805448034e-01
3.787091315379279566e-01
2.139865960264193401e-01
1.475268384539454303e-01
9.696259544713536904e-02
8.789163465994953572e-02
8.964313934994061484e-02
7.545057902021201635e-02
7.164902598567990388e-02
8.961410835738048419e-02
6.068001546958412540e-02
3.261370108821803893e-02
3.206796432650265594e+00
-1.137909665516310675e-01
-1.309455156441725610e-01
-3.541795069887818670e-01
7.353170795350478350e+00
4.263360942792740360e+01
6.421139922562326774e+01
8.456747176832834612e+01
1.073765000628917505e+02
1.266555858885236319e+02
1.335765354123166730e+02
1.266812566798976150e+02
1.255780535303138237e+02
1.329852460889986503e+02
1.265858665323090975e+02
1.311327943347818632e+02
1.251906197003638823e+02
1.238078343923671980e+02
1.215105728037142683e+02
1.237164740561449605e+02
1.233966527707192640e+01
9.666852407137222158e+00
3.020972881264593290e+00
8.651275788797302413e-02
-6.006898302483121288e-02
1.537798499941134267e-02
9.525225231261380543e-02
1.969931701234801658e-01
3.540077472467012543e-01
5.727894382268590157e-01
4.864588384204815430e-01
5.035453784108839814e-01
4.253245766029155606e-01
4.546510339873610640e-01
4.276937261899543818e-01
3.815962480542773871e-01
3.852950804647292671e-01
3.579682857457158196e-01
3.490130945414260388e-01
4.438187366128281131e-01
5.010747003298271496e-01
4.184016760347780695e-01
5.933139053607009439e-01
7.247989151281023501e-01
1.094177083782381654e+00
1.071982877872059703e+00
1.183445624158992793e+00
8.837145878479121253e-01
7.583858921077196724e-01
5.057797434868924746e-01
4.441063552778800050e-01
4.293847002303666782e-01
3.854717314674424022e-01
3.106153990549865851e-01
3.170117834069958729e-01
4.948177332534001716e-01
6.638404353667418656e-01
1.850236319433398613e+00
2.335569369802010353e+00
9.851202250066430466e+00
1.138108727387791319e+01
1.189348266109235297e+01
1.041202299934127495e+01
4.397567900749737024e-01
3.669872338424420288e-01
6.728679557034733527e+00
7.117506971045850150e+01
8.914937256112817465e+01
1.125155046717093938e+02
1.325932618886990895e+02
1.219976040669345139e+02
1.149571183796029459e+02
1.244325586019462264e+02
1.209842035015244903e+02
1.207723804740932962e+02
1.205470960305706001e+02
1.073082420333116573e+02
1.192816670451746575e+02
1.150932446023107047e+02
1.196787855105493321e+02
6.133983293813058424e+01
8.001048205187508700e+00
5.429945931012919225e+00
-2.333427091965531996e-01
-1.174470250975051533e-01
-5.046616177638707512e-02
6.111824256797571131e-03
1.156815813465157383e-01
2.445089081228821737e-01
4.722724302108545213e-01
4.364371473184778250e-01
4.014179723724121684e-01
3.578260013771773496e-01
3.019982233923956816e-01
3.065128104435548284e-01
2.759630517986922937e-01
2.875246272189718733e-01
2.624033634856676178e-01
2.657490141032908815e-01
2.548420657150810564e-01
1.821733290927805005e-01
1.120719444484417071e-01
1.450875006945229195e-01
1.957058918630880662e-01
2.661321071389124437e-01
3.946470491349896026e-01
2.500627834345554135e+00
4.823638563199760254e-01
4.478729154102023546e-01
3.442744972751917709e-01
7.162462756599101699e-01
2.762556526946103874e-01
2.526542809971614734e-01
2.321691638980618588e-01
2.156347696470033437e-01
1.981434211509456311e-01
1.741458472967922777e-01
2.012524553102644775e-01
2.040496874104806846e-01
2.305054250683321593e-01
1.461706023931936826e-01
7.057106377281341381e-02
-8.109882522701694629e-02
-2.136472131887280912e-01
-3.490342643567009295e-01
1.810764655197180417e+01
4.421462187224857843e+01
5.086742907779633072e+01
2.791589007855398563e+01
6.424438647887514620e+00
2.901843030235658816e+00
3.155132794443086253e-01
3.406046872513024404e-01
4.231111808908556426e-01
4.075998173286979886e-01
2.760897476811819962e-01
2.948879828180607232e-01
2.315488801350580328e+00
5.213191941284482933e-01
8.034368969671406013e-01
2.795542556840191928e+00
9.202905686124291940e-01
7.861671896334762044e-01
2.595369235336984493e-01
5.486321991887423977e-01
2.385731115248668210e-02
2.637394139718958197e-01
2.502568187652844944e-01
2.309104750942241324e-01
2.475361114686619457e-01
1.312777564490379412e-01
7.976071153357167098e-02
7.525538668005160581e-02
6.469992701465576701e-02
5.290254828778706564e-02
4.098383135843275404e-02
3.417509253625561350e-02
4.037364716641334006e-02
5.561836329941638457e-02
1.004550684944488514e-01
1.027394006092957612e-01
1.967986626762929792e-01
2.797691226834879696e-01
5.005165671845424047e-01
6.848134962268042081e-01
9.517393876239800266e-01
1.089407820757634315e+00
2.124843104456377141e+00
8.859248863660884599e-01
4.443878952284352479e-01
3.419421735034097187e-01
2.620160403382295611e-01
1.988515067735769914e-01
1.562630899612010849e-01
1.559408013672262117e-01
1.393904981606438609e-01
1.743802364030466734e-01
1.497213139265780590e-01
1.078259760010145119e-01
5.955378428109847633e-02
7.041775256598697963e-02
-1.530428155607691521e-01
-2.820906086067613838e-01
-2.085660653691143174e-01
1.242982506069895088e+01
5.296544389196043312e+01
7.518903557154730777e+01
9.460673255674799975e+01
9.475122139118079190e+01
9.190798189018920539e+01
7.671175971174558583e+01
7.634248913079511567e+01
7.259364449514015405e+01
7.092526253160468741e+01
7.088157415481163071e+01
7.191706997835424886e+01
7.444596046313590421e+01
7.451678798345409405e+01
7.587534489127205006e+01
7.973180912006563403e+01
7.458333994349771956e+01
2.651025020389566933e+01
5.647200025511955879e-02
-3.512408853553199428e-01
-2.046361722850491005e-01
-9.748938243698612727e-02
1.430618010967554810e-02
1.329543357205134058e-01
2.657922167278158332e-01
2.317955885446648656e-01
2.324233758208313905e-01
2.137176884236506869e-01
2.067705345135673056e-01
2.075546734961616346e-01
2.055235570100996112e-01
2.236125534242286994e-01
8.240183056376068071e-01
8.350918563093917557e-01
2.652619636477713261e-01
3.028422966194878052e-01
2.464530322893054848e-01
1.928592662828534365e-01
2.630647853360358335e-01
3.669074766819832023e-01
5.179147363156554329e-01
6.629270814756998975e-01
8.192563806238223334e-01
6.367350128915385543e-01
5.267574975174194041e-01
5.138661091763823130e-01
6.111272149775186513e-01
7.106959122413034624e-01
6.629626145117443192e-01
6.932902479263433060e-01
7.293585673858477003e-01
7.277119710681287934e-01
4.810904488577403271e-01
3.470075288484330001e-01
2.575395890532137244e-01
5.818049444345735344e-01
7.243735016766648105e-01
1.142200825764581706e+00
7.700903075201785963e-01
3.181233465883216649e+00
4.342754774665901607e+01
5.932047169937730757e+01
5.686809157486334243e+01
7.034829606348858988e+01
7.441510064632041122e+01
5.694695645196944156e+01
4.331520536371425578e+01
5.508271575899630079e+01
1.513489309846784892e+01
1.556144521764964672e+01
8.389680346703105585e+00
1.384855251322187897e+01
4.278578795356180819e+01
1.185180548059491201e+01
1.778447763676883753e+01
2.243816762316261659e+01
1.687189024183114894e+00
7.884569495843643416e+00
-1.296958422449562276e-02
-1.332770890359011307e-01
8.385758588849123729e-02
9.803568327726919218e-01
1.694274563276469081e+00
1.680679980045806321e+00
1.232868611289599237e+00
1.972819703235247024e+00
2.253628632156181588e+00
3.176686863009232642e+00
3.993966756158325637e+00
5.002827612018569958e+00
3.526458753920168832e+00
2.535712345310507043e+00
2.197690780265416421e+00
1.937799635760320438e+00
2.104135624151473039e+00
1.678407074908679686e+00
1.597783839589028920e+00
1.101617181123843103e+00
9.380587341431159132e-01
1.071681586850535828e+00
6.132293589443589266e-01
5.035803135507586070e-01
3.836709753891103247e-01
2.508608884517838922e-01
2.273223313131023104e-01
9.623071794977411386e-02
3.715243761086561847e-04
-9.171487772318875908e-02
-1.787265819520088006e-01
-2.487547943147054297e-01
-2.391781309875350980e-01
-2.345570891343981557e-01
-2.343129448980423857e-01
-2.384598181121695970e-01
-2.496793630711765521e-01
-2.259239572106972460e-01
-2.726154304720090349e-01
-3.084400726067784149e-01
-3.789070645653785374e-01
-3.877335048886128566e-01
-4.750791048885227852e-01
1.555738996874416635e+01
3.907556373215606005e+00
4.627432416514196234e+00
2.050671716212040607e+01
2.789440129055676820e+01
5.147790348437458618e+01
6.967865636757569803e+01
7.987146744218273398e+01
8.765067943437428255e+01
8.697319580188364796e+01
4.604028137765201478e+01
8.506248389685760003e+01
8.402797904010529351e+01
8.264969016844052874e+01
7.330810644843202795e+01
6.767528709242736795e+01
3.618685815729027411e+01
5.367985366163223304e+00
8.649637814620760867e-01
8.858211801175590594e-01
7.226022590108549526e-01
4.014560800163521348e-01
7.080781456083300451e-01
2.307149502089769211e-01
4.674340584760453554e-01
1.226941837249798661e+00
9.741943309109233340e-01
1.462906566582232726e+00
2.069700734465975245e+00
2.002888715266643249e+00
1.831889701364695311e+00
2.533309170156562207e+00
2.310926987118682607e+00
2.479749734622684443e+00
2.998530339038853576e+00
3.079350732309189098e+00
2.685686160454224591e+00
2.261422037001469487e+00
1.836106689372350775e+00
1.598499073252935609e+00
1.140271093443599781e+00
6.197084562801082885e-01
3.272840120308450063e-01
2.155905422593671350e-01
3.457172142226128120e-02
-6.876400887683375984e-02
-1.040410537644791411e-01
-1.353771519725580630e-01
-1.884123856952168441e-01
-1.590415833907271037e-01
-1.521637473999413182e-01
-1.671206625887985409e-01
-1.674597253235395322e-01
-1.671863589138280481e-01
-1.465262512572055309e-01
-1.974774783821049429e-01
1.447276315022071991e+00
-1.266195130415309622e-01
1.160959767543181531e-01
3.917366651872577155e+00
1.895746958548017957e+01
3.589614981228604762e+01
3.204814242989314721e+01
1.949456322656367480e+00
4.784233153296921159e+01
5.716465206592690151e+01
6.772234379346086541e+01
8.850905041154058850e+00
6.596560391386180555e+00
1.155409352734759310e+01
9.113802035839821514e+00
1.961810049583194981e+01
1.123316495077363797e+01
1.284636743744738752e+01
1.290632223013404278e+01
1.657583583304221175e+00
1.109218149854060531e+00
8.796651826284289655e-01
6.429752858231394530e-01
5.363220618036930176e-01
1.894631099386097084e-01
1.237790481285216959e-01
7.259160043282242292e-02
3.127365145353955267e-02
1.476589971042054916e-01
2.783373564064816064e-01
4.344426403662413616e-01
7.286207244818911910e-01
9.883268523663536476e-01
1.001063744677672673e+00
1.384480567949505359e+00
3.065695963459298845e+00
5.645429291414636452e+00
3.719810091903496208e+00
4.193307586515238938e+00
2.910852036679776766e+00
3.588260603341183241e+00
3.417235473710601212e+00
5.207369096757876292e+00
5.012439257853070096e+00
2.202077605951505479e+00
1.799578090435128397e+00
1.783697404201167291e+00
2.379004000361677029e+00
9.715575446243217561e-01
8.238538616386124058e-01
7.132124727542815679e-01
6.153223991861711539e-01
5.314251908208267317e-01
4.706318229122665731e-01
2.602027913287447980e-01
1.206482300974345279e-01
5.052956781078412618e-01
3.021164550909176683e+00
1.274459643233306849e+00
1.195326484347889018e+00
1.080200214380475288e+01
3.856457501766037854e+00
1.698146551409112348e+01
3.332345977667296211e+01
2.024181853874592463e+01
2.207702136017813288e+01
3.965944360314122719e+01
1.917392406759849521e+01
5.212533230562006992e+01
7.049233974653144230e+01
7.694534672391242225e+01
9.295931730610271870e+01
9.726764596468925106e+01
5.105765994775334349e+01
1.164581651373449489e+01
1.095039326582080363e+01
5.019185897393105833e+00
3.856815579495929125e+00
9.685346248019490734e-01
2.869226658379010697e+00
2.022366044969622134e+00
3.203316052004885339e-01
2.848570467723497979e-01
6.174554426433764842e-02
-8.537694035035725548e-02
6.912857022343121827e-04
9.409306804420980441e-04
-7.347577453491238586e-03
1.197781898473299078e-01
2.637915325456562377e-01
4.659445635190850865e-01
7.882464395732579066e-01
1.276981014598935538e+00
1.161094863789517095e+00
2.486933654428090890e+00
1.393696514253664587e+00
1.487493418574442838e+00
1.666009240264342273e+00
2.354607543967993877e+00
1.977381370978891217e+00
1.718411497161529189e+00
1.583360211217574420e+00
1.526463932873274532e+00
1.312491400577830536e+00
1.089361903758512939e+00
9.032379838167041708e-01
1.102328087890331432e+00
1.234942437434878082e+00
2.583178296893943848e+00
3.559594113570343943e+00
9.547467250261398419e+00
5.516463513172828570e+00
9.613809190323032716e-01
3.012303734574977909e+00
1.260648614097060527e+00
5.453053369242146786e-01
9.901896161434610155e-01
1.432075345890152951e+00
2.435385269771184191e-01
8.374923699545089306e-02
-9.122870861247805996e-02
-2.112649408908375825e-01
-3.193764251640417995e-01
-3.892823515588627048e-01
-3.971988799944872195e-01
1.269518175142125571e+01
-2.795111214891611295e-01
-3.017021414737073304e-01
3.787486922580521309e+01
4.429810925945723454e+01
4.925072981955614182e+01
5.344743025884115184e+01
6.004157842417110658e+01
6.057152370028833843e+01
6.222379744239242427e+01
5.929323436773691469e+01
5.836943138892434035e+01
5.994313814001942831e+01
6.114581215709161199e+01
2.603313000240922293e+01
2.506334224368461649e-01
1.967440373246907015e-01
1.572467351017840187e+00
-1.628104044791073846e-01
3.422897464994173466e-02
-1.087835895729476476e-01
-1.479622235705108646e-01
-1.797399169312816070e-01
-2.569991679442973354e-02
1.640113815441712752e-01
3.808098382410318727e-01
6.749533955831537035e-01
1.033321324370866989e+00
1.058796015503192356e+00
1.547724190623620100e+00
5.020941570057042114e+00
7.611684682816459713e+00
1.159501331954241010e+01
4.728394452983152085e+00
4.462681690688078184e+00
4.303988725572123641e+00
2.525190957935713243e+00
3.243778021810129530e+00
2.339386036180978401e+00
2.462829939812330782e+00
1.325875018637616254e+00
8.411755908973483908e-01
2.954056833113833935e-01
1.564508997119911093e-01
6.313429664875824798e-02
4.264802522729649326e-03
-5.623668418387239853e-02
-1.033647758306356357e-01
-1.137625551791906497e-01
-9.138839419007155351e-02
-7.114229093183843666e-02
-4.999270721665877160e-02
-2.241622743191490352e-02
1.576067640677003556e-02
-4.082224859285427110e-02
-1.250650084870593703e-01
-2.072902668444208119e-01
-9.257465092879424429e-02
3.278373312840182408e+00
1.834262606664385231e+00
3.666311321277510249e+00
2.760961496583223429e+00
4.223293451812007993e-01
3.841563209076021224e+01
4.094280793996697554e+01
5.698324255805312077e+01
6.992189466975510470e+01
8.287673815320179926e+01
8.200612127960292241e+01
8.399372212399300963e+01
8.249964343848390058e+01
6.818983808435288552e+01
5.465350637911010523e+01
1.326236076695612098e+01
6.922473681453716665e+00
1.671510655790780397e+00
1.136402406092492878e+00
7.286548330642756977e-01
-2.871911925120780307e-01
-2.521878963004634544e-01
5.687365523290686120e-01
7.072880877978274805e-01
8.264380416720340516e-01
9.699841604865582223e-01
1.011511240407401591e+00
8.545778941120435457e-01
6.865428413991325751e-01
1.215814603392761262e+00
4.296377524405039505e-01
1.103410051267759506e+01
-3.887289674416444241e-02
-3.021422537413646636e-01
1.061320129850212624e+01
-3.373741618511382212e-01
-3.015282563145573747e-01
-2.927031581115009384e-01
-2.823097571147772378e-01
-2.669646327793007146e-01
-2.290477411093029825e-01
-1.969508147929453501e-01
-1.424551531637904267e-01
-9.969090027455912439e-02
-4.753352044251069053e-02
-7.113698645434890500e-02
-9.690167863305770846e-02
4.781759290020361597e+00
-1.414560898245225129e-01
1.285013733566340299e+00
1.302316146857250834e+00
1.361946964915000358e+01
-1.445401352299099940e-01
1.357979478209551116e+00
-1.409519061291794051e-01
4.103971760878399877e-03
8.026117655208845347e-01
-1.052054852731252876e-01
1.976362767626027028e-01
1.725147986130741717e-01
-1.042946424855596965e-01
-1.236883310041211881e-01
-1.323644779073483435e-01
-9.378149190077256225e-02
-5.602146558845400026e-02
5.179755041655886849e-02
1.917640963074844773e-01
3.331713636608304441e-01
5.504445339389703040e-01
8.030876208357504709e-01
7.365046118908850081e-01
7.286818519390475535e-01
6.835891426072903121e-01
7.127794902535873334e-01
6.787515801540234817e-01
6.904402707538560557e-01
1.029693813280140979e+00
1.115858906053194488e+00
1.285103398581548317e+00
1.650027924931134926e+00
2.656868180440224325e+00
3.248387310224114977e+00
2.489664372977071771e+00
1.631011028287728593e+00
2.779026288805360068e+00
1.383578361546673463e+00
1.367108255954588847e+00
1.352548280401597580e+00
1.067775485069601960e+00
7.673530257478442529e-01
8.381921257368858402e-01
8.159441658729451596e-01
4.462765019704103553e-01
5.367327903873564399e-01
6.446074802815772165e-01
7.208886040546871321e-01
6.790858758725695221e-01
5.793955607080699677e-01
5.011279009079797619e-01
3.337017986799382108e-01
2.178158839386905576e-01
1.482385144809206245e-01
1.092907733228836165e-01
6.876340496141741809e-02
5.412948154100138964e-02
-9.823257473961233277e-03
-8.883591584808486763e-02
-1.580959891863298328e-01
-2.307096063590330370e-01
-3.185829417218205006e-01
-3.299425813621575942e-01
-3.377450211682089809e-01
-3.259134962615838904e-01
-3.085702606475272947e-01
-3.177560649655049030e-01
-2.984601328614097659e-01
3.877532804656571574e+00
5.485168427892133103e+00
6.591292310922636233e+00
2.332473870180287179e+01
6.760698892090666767e+00
2.373506227402627289e+01
4.034001442116687031e+01
3.843770884684575151e+01
3.884764227503788447e+01
3.118381900347554492e+01
4.874058356474793019e-01
8.481035411348301523e+00
1.837720191944117509e+00
1.080372280375171634e+00
6.338615703050565209e-01
7.498895396118532286e-01
8.162124715666729813e-02
-1.065981883405623387e-01
-2.111433861874069118e-01
-2.393688721194719426e-01
-1.056771836507382489e-01
8.379252970671202672e-02
3.107241917281022836e-01
5.591748827351623596e-01
8.624804652924610293e-01
7.787480524704252227e-01
7.242946661967751831e-01
6.523193321939562139e-01
7.888031477317415385e-01
1.519494589157180275e+00
9.458103274403920624e-01
3.410105159620361981e+00
1.580408780200317054e+00
6.330453291130985205e-01
6.453387451046133094e-01
4.520884638487280283e-01
6.254244977657592575e-01
1.081036954926665850e+00
1.530180740106815040e+00
1.746581108767357726e+00
3.995909366137177621e+00
1.269727792844596914e+00
9.302397717172962155e-01
6.898621508352218434e-01
9.238994086558489638e-01
3.471190098873274676e-01
2.237393888818349774e-01
1.150499995208076331e-01
6.428698698072066176e-02
2.493408783808725993e+00
-1.299380118225758607e-01
1.230069722396660015e-01
1.652490588304694086e+01
6.140550135976477364e+00
6.005443712041330429e+00
6.000738710999471870e+00
1.721100197880333837e+01
3.075329285550726865e+01
3.216738634102205197e+01
4.925292492685204593e+01
4.909450529339851244e+01
5.441189291522306348e+01
5.728662008191103894e+01
5.913682949608566730e+01
3.771477210809824498e+01
6.615253462636005111e+01
5.833470826147063093e+01
5.890874697822118122e+01
4.597921522498621982e+01
2.499496139213017187e+01
2.471154383677968625e+01
5.333851254827695065e+00
5.219339414992022697e+00
-2.441165170965323150e-01
2.029901459012902976e+00
5.126759456502328893e-01
-1.037951206977251184e-01
-2.579307375746010544e-01
-2.721795881035737885e-01
-1.372428105901266626e-01
3.358568276814066778e-02
2.529134946815838614e-01
4.921970699315150188e-01
7.836604970148239868e-01
1.096547473016143748e+00
1.097952512311121787e+00
1.029524151298901735e+00
9.559629127966281503e-01
1.274875477296237625e+00
8.182666423571973269e+00
3.088587238788271350e+00
4.486663342763124618e+00
1.394540666055970668e+01
1.232861282152414617e+01
1.081843615976773521e+01
9.973881000931330121e+00
1.245037461920463162e+00
7.933349158071538731e-01
8.986493375643533899e-01
7.092797666733191564e-01
5.249082419432333779e-01
4.651221472813226177e-01
4.048226474465925762e-01
3.321647088022747774e-01
2.128876616897634744e-01
1.714238706916251243e-01
5.679971802460859198e-01
-4.817731431169403056e-02
-1.057068770517908263e-01
-1.790063344660704492e-01
-2.545872124690002902e-01
-3.416425861314995038e-01
-4.392021325353723249e-01
2.891896963897319495e+01
2.913517658184380821e+01
2.915199236291386953e+01
1.607628154198119219e+01
2.987890107299058329e+01
1.723913277994329007e+01
4.951210784607458493e+01
5.940224899831643768e+01
7.123342589402378167e+01
8.425572328456773619e+01
3.768644105683809187e+01
7.857853725725836114e+01
7.792287970692410681e+01
7.564951379914619167e+01
8.319641390270245296e+00
6.667312551887199845e+01
6.254589998770166304e+00
1.799740829809501896e-01
2.257691908549069648e+00
-2.642204621541129339e-01
-1.868131082155303213e-01
-2.206921718178140868e-01
-2.250237982161228389e-01
-2.512169713514229574e-01
-2.512413719497603171e-01
-2.451155215372931018e-01
-1.148725324615729182e-01
6.614748496966926794e-02
3.346961610109030483e-01
6.715091550188544423e-01
9.122739419723404630e-01
1.330518573516701331e+00
1.072440076609213477e+00
9.302881957344111274e-01
8.412882463444288916e-01
8.599825404121472783e-01
7.314838868552635542e-01
5.947275941659049270e-01
4.973900881745437763e-01
4.344628252501792076e-01
3.506549441079935825e-01
4.216463706510222842e-01
5.292617881030509119e-01
6.237668686069333113e-01
7.285822681668352452e-01
7.330622978669205647e-01
5.384789871060162714e-01
3.929434832082518980e-01
2.761085508239234931e-01
1.651307865986799683e-01
7.812068471797273261e-02
-2.100813141277452223e-02
-2.876517870471984040e-02
-1.747535071689615416e-02
-2.223728732292357124e-02
-3.857826762444427349e-02
-8.905166062458541587e-02
-2.119295444266361406e-02
-1.853995221724043518e-01
-2.493163633320151784e-01
-3.039870444974438479e-01
-2.918925485220860150e-01
2.467162910046416524e-02
-3.013651153410560890e-01
9.057443366716566580e-02
-3.367271950585329354e-01
3.077013824364513983e-01
6.457396482784858449e-01
8.437580546396064030e-01
1.018951038830087308e+00
1.080432286430375477e+00
1.114646012362781491e+00
8.252471913481973509e-01
6.154234210818763096e-01
5.171726412766441960e-01
1.428590917507342350e+00
3.027020857777822371e-01
-1.354309321162396884e-01
2.621157810001378818e-01
3.343844183448901886e-01
7.102776833164781145e-02
-4.234338101348888994e-02
5.299556555212375786e-02
1.586752211238257049e-02
-9.718621335203170286e-02
-3.851390936651039043e-02
3.977084188665014342e-02
1.615219936425895675e-01
3.497451950764173256e-01
5.464752277602822339e-01
6.920771293392080636e-01
8.656186062602955200e-01
8.605405329797871650e-01
8.385454167185019125e-01
6.813310044407134836e-01
6.524325145343530252e-01
4.909095731417851827e-01
3.729113155843449823e-01
3.471454614869229349e-01
3.572521787881159927e-01
3.809643058684845096e-01
5.506438018409451907e-01
7.900738046816127014e-01
1.117258583049582921e+00
1.452146323622392154e+00
1.563045651059412400e+00
1.515344580158507926e+00
1.585753759509874516e+00
2.454261079585456251e+00
2.328887337775249033e+00
2.674004717848885715e+00
7.296527649454903619e-01
1.001642201669933119e+00
9.253073910989120243e-01
9.716936354458278746e-01
1.750200824622127893e+00
8.788857757232581003e-01
1.366923829554704817e+00
1.387118976713356044e+00
7.389779613837567096e-01
2.836642907499223654e+00
6.658185324996196641e+00
7.868736883525460968e+00
8.538301918994113393e+00
8.033980588811669321e+00
8.647600546894826934e+00
2.915977170538580765e+01
5.170171804893382017e+01
5.774519171402454276e+01
3.500402156706314827e+01
3.817229845464454741e+01
4.239823887743524722e+01
4.938995339922108485e+01
3.490586212439013281e+01
6.829450376812094881e+00
3.574916766185958750e+01
5.895989841574501789e+00
2.869616982131302230e+00
2.642504784179315891e-01
-1.915755153897922280e-01
-3.754338531337776397e-01
-3.744134624071464024e-01
-3.691174302723904121e-01
-3.700654337582139908e-01
-3.650871959285832968e-01
-2.562927024168111245e-01
-1.218327248690144193e-01
6.507932298898899681e-02
2.806011064085346396e-01
5.343848916740419064e-01
7.835660329716241934e-01
2.107326338261910514e+00
9.589022802524590494e-01
1.396611930040625449e+00
9.507049434829009105e-01
1.695508244099768635e+00
1.656224970696256182e+00
6.405219291173874785e-01
4.513732448239730077e-01
3.686042380967938792e-01
2.786643146198550802e-01
3.361452418304575751e-01
3.654863359995783600e-01
4.399223259701696698e-01
4.614634133567383500e-01
3.571943444212655194e-01
2.446634512551941754e-01
1.345533826554095036e-01
6.043532906493820356e-02
-3.288727934177559931e-04
-6.956371929088389638e-02
-1.334631887772290137e-01
-1.343726856708604700e-01
-1.331529216717821651e-01
-1.325982248610840797e-01
-1.236077808899914143e-01
-1.681171201474825350e-01
-2.142621423321054985e-01
-2.752007753755255082e-01
8.590727174145225575e+00
1.548201826552074678e+01
1.288610299923580271e+01
1.268892292562150192e+00
2.766627916932331033e+01
3.561280211539155971e+01
5.670531417684046716e+01
7.712060010669844701e+01
7.226543462711251209e+01
6.451646769898246703e+01
2.270654353786547119e+01
4.935267575582091837e+00
6.971899359398462614e+00
2.398785936921050688e+00
7.084468005469438667e-01
2.428216691488154666e+00
2.237590060467163244e+00
3.084372186349885858e+00
3.278037813039901271e-01
1.654051389861255217e-01
-3.235308011880583257e-02
-1.398443883414844380e-01
-1.347128252746463972e-01
-1.218949678642436973e-01
-1.193279318058162453e-01
-5.143913858676379958e-02
2.818740786438478363e-02
1.314998847107249347e-01
3.919855635246418668e-01
7.721619602155764817e-01
9.778554022409510216e-01
1.250913879055973510e+00
1.860451848388603224e+00
1.911657461917753986e+00
1.425395211483137636e+00
1.384352405242573525e+00
1.279802493514919037e+00
5.808978081312897501e+00
3.408812904378299891e+01
9.863267998192002395e+00
5.080771253829055034e+00
5.338342354687142244e-01
5.775001742233130120e-01
9.232086654670929038e-01
6.045266975093235295e-01
4.939996111983997462e-01
7.230742554344592454e-01
6.478028102099464558e-01
5.961269377478974896e-01
1.230125000888787845e+00
1.323869946476988080e+00
1.381817229362547916e+00
1.244517900566801893e+00
1.301326560670211352e+00
9.367025634484951180e-01
6.220920662863301587e+00
3.926671501745967685e+00
1.957855437305691737e+01
3.890308872941124374e+00
1.122978705170916669e+01
1.909535684253906140e+01
3.264748371707660368e+01
1.862173000534625533e+00
1.832187096754575961e+01
4.950686055385430606e+00
5.498124144792866375e+00
2.662313151347786189e+01
7.364372780334338842e+00
2.910686679026640888e+01
1.414973396485941670e+01
5.369054752294837840e+01
5.147554958890221144e+01
5.042553244813464630e+01
6.234216326788047979e+01
6.313054254094525675e+01
5.441655771628557403e+01
5.796261047729417015e+01
4.750622560540909944e+01
4.586862246472419713e+01
3.949791143239600899e+01
2.248048978699585732e+01
1.037476477416930387e-01
7.097625701291954137e-02
1.680229298415067962e-01
2.875761608042691764e-01
4.572939682379226767e-01
7.015358051886251278e-01
7.565307628047045485e-01
1.173762160540583022e+00
1.970701958115762764e+00
2.639361768192732605e+00
3.460954675463610464e+00
4.200008566993584047e+00
4.089400195395517912e+00
3.499373336018582581e+00
2.722288998935805449e+00
2.293856758208071334e+00
1.741446721310017764e+00
1.393454844524899761e+00
1.257957400264640091e+00
1.131352480558313500e+00
9.949167063965749236e-01
8.520647013434182737e-01
7.255287541918730154e-01
5.768208464130379909e-01
4.428667987705704467e-01
2.893654649508721199e-01
3.090841221027375019e-01
2.464573122006933348e-01
1.814368826130449142e-01
1.147776694279862841e-01
4.718875713634251845e-02
-2.292721320197671497e-02
9.048945221104887082e-03
5.433284526179305018e-02
1.239805456523934701e-01
1.465873289520218670e-01
7.953313863994271316e-02
4.534104861278220877e-02
4.270266309086245826e-02
3.258418150856812190e-02
1.756459728661208253e-02
6.875868108335406736e-01
2.468535763731605215e-01
-1.993245767439644212e-01
-8.901593319008188621e-02
-2.005421166783412645e-01
1.972112624518275847e+00
7.660170762867879457e-02
-1.689703657887204891e-01
2.461592858135763340e+00
2.451626856044709646e-01
2.425160826098511802e+00
2.660711918939416165e+00
1.207566006670708347e-01
2.636488954712671529e+00
2.239974563755696479e+00
5.208797824982395852e+00
1.533423965949558987e+00
2.476032735615096403e+00
2.275878277996727039e+00
3.021883939806305541e+00
2.725462043191888117e+00
-4.852949697612259361e-01
1.083424085283981952e+01
1.420410939205451584e+00
1.040706529862483087e+01
-1.364789057148885210e-01
1.727640151072651342e-02
1.897676224538640266e-01
3.706567741134589866e-01
5.868590557570658728e-01
8.106683747488587777e-01
8.452641345568736586e-01
8.688494432683542268e-01
8.985645226172551681e-01
8.785850423779001384e-01
9.807571412323387028e-01
1.003072783184499883e+00
1.227011864596232238e+00
1.778779764827249643e+00
2.557648584118210611e+00
2.931064414349564551e+00
4.939492979450410992e+00
6.557695136876021458e+00
3.967849200786300656e+00
2.678620024172026604e+00
1.172118865292283374e+00
8.926856609678970322e-01
6.041967746030473263e-01
4.112935926875747050e-01
3.359435565396412526e-01
2.139761817184524517e-01
1.644034099963183060e-01
1.473510805778074362e-01
1.041476799660893127e-01
4.494527891862354352e-02
1.288719787817527163e-02
1.033484306319926826e+00
1.014317735078971383e+00
4.101720514196257383e+00
1.063828940497118580e+01
2.763307810415438937e+01
4.303203087007035776e+01
3.557570880162253957e+01
1.455188684676722843e+01
1.522920492024837991e+01
3.459762936427124913e+01
3.558397270228376641e+01
5.820521751351886053e+01
6.541639211030144452e+01
6.871146189784397507e+00
6.794708312004425821e+00
6.275018712160701995e+01
2.258490186861546789e+01
3.277685560362733241e+01
2.014298216085058613e+01
5.674356478583453267e+00
3.419437074935503773e+01
6.375704099031668903e+00
3.470195972570100196e+01
2.158671668424839396e+01
6.048581102772623730e+00
2.385159485297697612e-01
2.409473382097876426e-01
3.075565413765996237e+00
-7.154078576488476227e-03
2.328577606781296883e-01
5.671267437902591801e-01
8.530109381675992086e-01
1.210544324694036611e+00
1.592205924602350553e+00
2.742377794731212237e+00
1.674538243868168186e+00
1.534068226206012575e+00
1.448548256594743400e+00
1.265487261149235820e+00
1.165647342128104835e+00
1.165254593408175943e+00
1.186965864964328432e+00
1.438047466139421804e+00
2.493623948790415046e+00
2.235567850563864312e+00
1.578100302430784474e+00
1.657901925192949655e+00
2.015067185252063187e+00
2.775874963355817293e+00
1.300512189072158709e+00
1.489259878177731755e+00
7.097728677978170087e-01
-9.074839784886601368e-03
-1.124240537598218403e-01
-1.691961906051354658e-01
-1.690088096096158399e-01
-1.553648068533416415e-01
-1.541298995682396922e-01
-1.346414278998387393e-01
-1.274133848080207243e-01
-1.261254476016218096e-01
-1.025175407782065173e-01
1.353445848377548000e-01
3.715823508772965189e-01
1.584024006836475928e+00
3.949163782224050401e+00
1.418842904604974464e+01
1.777037641307519422e+01
3.565974825060109765e+01
6.207145398967503169e+00
5.882824964382736610e+00
2.883123879123359323e+00
2.859188367451432100e+01
3.438327432711649756e-01
3.581628443817794771e-01
4.621738633425350740e-01
4.812499494832085389e-01
4.355579489202663357e-01
3.110514284065082347e+00
5.630624480262834908e+00
3.169472996758725625e+00
4.820555715707989242e-01
3.308356750741128227e+00
3.011963171763150626e+01
5.269834561528822237e-01
3.587660787569659782e-01
2.220127787124210883e-01
-2.230510586436391107e-01
-1.443231421734195719e-01
-8.769106141896232387e-02
4.427961108009892399e-02
1.932804270218144715e-01
3.698463101215969662e-01
5.798396453718912547e-01
8.871770845244673076e-01
9.106399968955342095e-01
9.112671820542218581e-01
9.182511672138085057e-01
1.118275914780339164e+00
8.947765068310091774e-01
1.018791525602806392e+00
1.228591596536769970e+00
1.568443717617868050e+00
2.118922710663448061e+00
2.279835346931211149e+00
2.763185866918033362e+00
4.197264524419539455e+00
1.435115358892548265e+00
1.260847659203069071e+00
3.268818920293594665e+00
2.895315718086166612e+00
2.014669567240984005e+00
1.615793716799976076e+00
1.931482058537208335e-01
8.649405874596327592e-02
5.739028104357635218e-02
6.288825125120500736e-02
2.984028666474436431e-02
2.732028242420647679e-02
3.174008188585686341e-02
-1.980839103326959005e-02
-4.911538422574102114e-02
-1.050733358641399162e-01
-1.440244599440448359e-01
-2.213821371624791756e-01
-2.390429531035982436e-01
-3.201744353649963459e-01
-3.994420310782554884e-01
-4.951764468771260308e-01
-5.499265410773930274e-01
-5.555350071377457288e-01
1.356996587391860487e+01
1.411706811082854607e+01
3.037048998379198395e+01
3.288663938684196353e+01
3.415664872885952263e+01
3.424584423554835411e+01
3.415967665153708310e+01
3.429355730857763973e+01
3.409397065410057337e+01
3.467905346883929951e+01
3.452258929297956058e+01
3.390451402800957226e+01
2.019405370628170004e+01
3.041167775856675348e+01
2.479087480178418446e+01
3.283262053149074600e+00
4.564554323278346981e-02
-1.610139633018431438e-02
1.487806432560283554e-01
2.506920758981816544e-01
8.653184740710938572e-01
6.057980362415749109e-01
6.356067316830784630e-01
8.651967916082944354e-01
9.934511178842556633e-01
1.015921188564316680e+00
9.432710759848951243e-01
1.722881886460537082e+00
2.176140332558887724e+00
2.154690487874993288e+00
3.130340124432483329e+00
4.591484731058821822e+00
6.478429981635397183e+00
1.731007752534345689e+00
1.181638856454960695e+00
8.692674541860496706e-01
1.082134927615352016e+00
5.183656873022907119e-01
4.170584982359255566e-01
3.612195141433576229e-01
2.723473136871370492e-01
2.284774589983173954e-01
2.160398655891228037e-01
1.714520796471403763e-01
1.278013307192598536e+00
4.804492191119972055e+00
2.901814015159199123e+00
4.054919654814964858e+00
2.221081825721773928e+00
2.902279563409325025e+00
3.493910191838505597e+00
7.576514776887631086e+00
4.389069165756679602e+00
4.098254314839495649e+00
4.047294332047581378e+00
2.410482685007878878e+00
6.418591191421787467e-01
4.451725329684657617e-01
3.183155996816322553e-02
4.822712150529402386e-01
9.421740104291860263e-01
4.113534219260291946e-01
2.172162532016192138e+00
-3.532603950408801929e-01
-2.351614949440405944e-02
1.953652458162161265e+00
4.296094659495739876e+00
4.455325962701865095e+00
4.665937188798264579e+00
2.413888452752996461e+00
5.146779995835059296e+00
2.741208152956424726e+00
5.458499649443254498e+00
2.217917782485973710e+00
-5.004872086868992209e-01
-4.331369429169647511e-01
-2.880013889044608089e-01
-1.738724890678812196e-01
-1.989858581658700554e-01
-1.365011447149033774e-01
7.632570296391638642e-03
1.448358702926834107e-01
4.234864861000716685e-01
6.025649255952976180e-01
5.159352508042813756e-01
5.280424707804750595e-01
4.472542597658678565e-01
5.267192679560620538e-01
6.157439675528206813e-01
8.208807984219650411e-01
1.116340732600038521e+00
1.166553391295644726e+00
2.002770122448973567e+00
1.046270328200137323e+00
9.547554355970739870e-01
8.030165080482652984e-01
6.894331219022765689e-01
5.610271999872438187e-01
5.785992385948821592e-01
3.276117404499909735e-01
1.671152850006897284e-01
9.202300903893345652e-02
4.978030078015216464e-02
2.579496462088837205e-02
7.579256388497801478e-02
1.733437301516631557e-01
2.395201208862127729e-01
2.316880400327835376e-01
2.766657336065236894e-01
2.470548304130755213e-01
1.722723070350895558e-01
8.963084000723442468e-02
2.132896961745706088e-01
1.634808257232202022e-01
-1.499944939838815383e-01
-1.224457606497170725e-01
-3.305882992479494131e-01
-4.690580092725609163e-01
-4.671111582465559131e-01
-4.483881156723290573e-01
-4.321277869829995288e-01
-1.904293775636223263e-01
-1.516084882508391130e-01
1.565435335904026282e-01
9.278180686087966755e-02
1.587211538670210142e+00
8.525208143743312483e-02
-1.958857148670480885e-01
1.232308832537801768e-01
1.802399530153839802e-01
2.248158210251474109e-01
1.456304554636531634e-01
5.914652819387988814e-02
-1.364500038766573997e-01
-4.251234873538367598e-02
4.260258752842249752e-02
4.916868844332500377e-02
2.528502139736734655e-01
2.260059407317498437e-01
2.387451471804249437e-01
2.808099448353548189e-01
3.199752851027719558e-01
3.381514968339423000e-01
6.032153531524729884e-01
3.591848122960434875e-01
3.451644637237843982e-01
5.894582167906396997e-01
6.497994828786290977e-01
8.860120863039667727e-01
1.383819624655748370e+00
2.306928126362509435e+00
1.228795057733928164e+00
1.354492120422731816e+00
4.546518118977918022e-01
3.585937842416628829e-01
2.933434517086624949e-01
2.671841867367487078e-01
2.032768837561026443e-01
1.821956667948914088e-01
1.332357481605408456e-01
9.664839105821010357e-02
6.248880587623575344e-01
1.255960913905540099e+00
1.394014608568886704e+00
1.711437554619369639e+00
1.914319219410748785e+00
1.997594626136185880e+00
9.251196011431428445e+00
2.118467663947888102e+00
2.494236676006653219e+00
2.776667238331995247e+00
4.431734791515554051e+00
6.486424829933161718e+00
6.984380880924751622e+00
6.727369252630354346e+00
5.967905780626786338e+00
4.669310426655886914e+00
2.593152602320420996e+00
1.813339022789929089e+01
3.882194398757404574e+00
3.684641745515976652e+01
3.565851927194088233e+01
4.812120244353636167e+01
6.184884967749586338e+01
6.139739240225549111e+01
6.221206632398298098e+01
6.115029599885580325e+01
6.418421124400936151e+01
5.828698560886912361e+01
5.901989891145436218e+01
6.343255237253767120e+01
6.900147080721957593e+01
5.708967776170711517e+01
4.830371700602402996e+01
4.665519087784943508e+01
3.668209842735092252e+01
3.520809093703187642e+01
-1.332304630171710635e-01
-1.479974066523246923e-01
1.270886507207225069e-02
1.385838366464363647e-01
3.438432499901362682e-01
5.770688614506621628e-01
8.367925829771903912e-01
8.877621251185530138e-01
8.597571620015544980e-01
1.049046616157474743e+00
1.285433376529692140e+00
1.408630730270921561e+00
1.576022942404890159e+00
1.828687815739059586e+00
1.704052698758028450e+00
1.270864011714251784e+00
1.079420138303289090e+00
9.323909439943228739e-01
6.669959031357184376e-01
4.553074963990640933e-01
3.149460585807666302e-01
2.801410634104205544e-01
1.614309996820655346e-01
9.490781944334614195e-02
7.270121117502381658e-02
7.641208901816698429e-02
1.278002359143819433e-01
1.354582680828226859e-01
7.584556044069696856e-01
5.523984869373876894e-02
-1.517470863968606309e-02
-7.134244704362596723e-02
-1.324210295057076103e-01
-1.437904742489720111e-01
-1.454125356437539485e-01
1.720553756372862786e+00
8.913298225142145981e+00
4.002489897434596600e+00
1.392238136678349214e+01
3.635315321325309323e+00
3.616643068950534001e+00
-1.339586153946029645e-01
-3.650502072000961773e-01
-3.884698360156429442e-01
-4.202120637867185482e-01
-4.256881139031628014e-01
-1.788020139622644722e-01
2.799910770989665565e+00
2.616320348128496676e+00
2.660141279210860077e+00
4.065942679590572872e-02
-1.682031158528862758e-01
9.837689990933790041e-01
1.907004385066660701e-01
1.973619125730888824e-01
-1.664034570625432807e-01
2.349150963621533972e+00
-2.250691271449097863e-01
-1.424649895471042371e-01
-4.897653128258311339e-02
3.737516621296699260e-02
1.244290023093530539e-02
9.341733055410628150e-02
2.085610683959779887e-01
3.399620322694729690e-01
4.963336485685957422e-01
7.245266116663853229e-01
6.216435909817406014e-01
5.910481541487292434e-01
8.197018178416732859e-01
1.171017036863361227e+00
1.898418814336062299e+00
1.757070483780108106e+00
2.816531850455874064e+00
1.699312823050611154e+00
1.322141604756664091e+00
1.398655394828995036e+00
1.638824782690671666e+00
9.301461585130954557e-01
7.816546419653942479e-01
1.101882701111204677e+00
5.188619904263349625e-01
7.727605833581864259e-01
1.296175400377183262e+00
1.891149542882001544e+00
2.022533186727488719e+00
1.386872288849790635e+00
1.891442062309134142e+00
9.166222362417317804e-01
3.379980431375095851e-01
2.164716376994598734e-01
1.952485172720330731e-02
-3.046779144078337609e-02
-8.488091737758152178e-02
-1.235967798834513021e-01
-1.794082347916705622e-01
-2.599983423628658419e-01
-3.206540990461318463e-01
-3.838550686970350068e-01
-4.456965380217140504e-01
-4.177975929502245056e-01
-3.909524382175486035e-01
-3.960733513159132579e-01
-4.137868108833755443e-01
-4.414336753731555318e-01
2.573815578227555800e+00
-4.551768343203032030e-01
3.195559881420035886e+00
3.291117925990038273e+00
3.765934483023845480e+00
7.519719170454603585e+00
6.890460173240049002e+00
7.355613481768531692e+00
1.730369240984231505e+00
8.749177892076957619e+00
8.917589605993430979e+00
4.613900814740481415e+00
4.393479777858293467e+00
-5.809133468973232128e-02
3.743666209775794229e+00
1.194847760599850872e-01
4.880385531936012322e-01
8.908217592586658018e-01
7.599480945296532841e-01
6.145294998039063650e-01
9.184487684624770276e-01
1.258317859167809472e+00
1.347034329883715964e+00
1.799752353271719674e+00
2.930092572061960610e+00
8.668631639818364931e+00
6.014569497906403939e+00
6.243681692353323598e+00
6.701640272570287493e+00
2.679745814160410688e+00
2.302937287242643016e+00
1.828040280296951758e+00
1.743436767656203035e+00
1.385058814385699666e+00
8.996214941671646370e-01
5.844068359684321257e-01
4.119271258495469379e-01
2.983991400861882859e-01
2.780703150485119846e-01
2.132826171085104860e-01
1.715181927635666126e-01
1.433332217017609933e-01
1.564364498541401804e-01
1.255996739653029159e-01
6.159870889032315056e-01
2.070910177391945828e-01
9.489962676430407917e-01
1.565840016945644786e+00
8.811113083849682059e-01
7.507484654832766724e-01
4.016601976688929376e-01
-1.250016239012113894e-01
-3.283684790498743733e-01
-4.116279052241694214e-01
-3.937688976713841771e-01
-3.655285722167508355e-01
-1.826081032045079877e-01
-1.712320258024682129e-01
-1.445120884896909375e-01
-1.629677730079543418e-01
5.263150181013570794e+00
3.155146265704384501e+00
7.246222455077975244e-01
3.237400847909602142e+00
1.153807007645737182e+00
1.260431724125747666e+00
1.304638710289849790e+00
1.189679831585007230e+00
4.872162841606906269e+00
1.066250371093806049e+00
9.863206290708729229e-01
9.738643259683502640e-01
8.721563921517339057e-01
9.270524208196518900e-01
4.428770239407160858e+00
1.322882271625720252e+00
9.551820121877916847e+00
9.267050285519925268e+00
7.147281783312745773e+00
4.247426033888823227e+00
5.954144142435277010e-01
7.775136400502650202e-01
9.299324795219536810e-01
9.525568828312075409e-01
1.598743820368313084e+00
2.095910913110659912e+00
3.337824830310527346e+00
8.942656402803111249e+00
1.002129787409161921e+01
3.212887049163454911e+00
2.030006787209583052e+00
1.447250086301835159e+00
1.121376760092846148e+00
7.627018080242402576e-01
5.690478601071982112e-01
3.807009946978814341e-01
2.179680027861409242e-01
9.185608444710324783e-02
4.634405600371072076e-02
-4.979472116754202204e-03
-5.031987418347239061e-02
-7.419762126082785070e-02
-6.522290738360703166e-02
-6.031263172237022463e-02
6.902309794787386821e-02
1.322005094195108921e-01
2.352113732404141899e+00
2.520090905132361669e+00
3.170775844604032390e+00
2.987704316172395291e+00
1.765987185744746224e-01
-3.439214486590806974e-01
-4.035592914224254146e-01
2.041727407100583136e+01
3.763150887458081684e+01
5.134928425269696106e+01
5.140498796130563619e+01
3.103149883163358780e+01
5.934424084461122106e+01
7.697595491690606195e+01
8.158507375674039963e+01
6.901216917034565768e+01
8.343726115570078150e+01
8.580994564069264641e+01
8.683414732978825157e+01
6.771429501348907820e+01
9.311215568078503679e+01
9.556237738982869701e+01
8.452664792244227954e+01
7.447420241693674825e+01
-1.735208487431194047e-01
-2.440803696319890914e-01
1.953359229772272609e+00
1.000062905057700391e+01
3.904594233533098535e-02
2.026268924502242497e-01
2.017735231906929716e-01
3.100082550546727767e-01
4.835131341223420920e-01
6.676302748934230813e-01
9.110560767961054518e-01
1.488706153546348609e+00
1.363143911660505747e+00
1.610284302489146224e+00
2.354057259741551000e+00
2.076116400372212123e+00
2.178853724037254302e+00
2.547261513009161149e+00
1.807346216630394853e+00
1.191504261190491354e+00
9.147177255137864949e-01
6.051986968592584226e-01
4.379996323451551543e-01
2.948863464554383196e-01
1.607913060067086564e-01
5.987077855066924581e-02
4.395437661956380637e-03
-5.571489224643533245e-02
-1.397167502215167501e-01
-2.185768655281107309e-01
-2.810797848048541270e-01
-3.277444361950626606e-01
-3.241194202270517022e-01
-3.234170609561350385e-01
-3.241248156766564081e-01
-3.191240656878917559e-01
-2.938773381132341322e-01
-2.864893203769286467e-01
1.911327562363958066e+01
5.189840837402522666e+00
2.940351054399784658e+01
5.791429967417592195e+01
2.643524161817212281e+00
7.765697805718086322e+00
-4.248841940675940343e-02
-8.257916272910897915e-02
-2.992051753532419811e-01
-3.005318039378803707e-01
-8.700123301229589767e-02
2.251838468381293090e-01
-2.860185629098395688e-01
3.145273081387720548e-01
3.512563227264062782e-01
3.808429906642428753e-01
1.121679499025840521e-01
5.638930412027726158e-01
5.882974823194818681e-01
5.670435752632222437e-01
4.779121130923205119e-01
3.438411819335701614e-01
1.381923799954593024e-02
-1.004064363227354928e-01
-4.312679171998623495e-02
5.877072006143454486e-01
4.073060708841864663e-01
1.104821359174824602e-01
1.346907942055604934e+00
1.442936873375038953e+00
2.112090009440028116e+00
2.886453635083297442e+00
2.444869786925726540e+00
3.721025498635831319e+00
3.654502800220948089e+00
1.951268000120551793e+00
1.175928946731953362e+00
1.128902522308712797e+00
1.087327335337604062e+00
1.243682488517738438e+00
1.108555904646973511e+00
1.251628343056966575e+00
1.466492155490684901e+00
1.740964349037787295e+00
1.758264814324300040e+00
1.797361015711919974e+00
1.669546347324974311e+00
1.416445932004908315e+00
1.330574356698563054e+00
1.105879531531239302e+00
9.283895228346921158e-01
6.468312544491933158e-01
5.641258278585261632e-01
5.282519372714069572e-01
4.431280834455606499e-01
7.741164611640984905e-01
3.644781182031708866e-01
8.990757158195581411e-01
4.905868513757636329e-01
6.006233565991795365e-01
-1.824764492307073827e-02
5.658154746187501472e-01
6.308022968925074414e-01
4.847656896893212108e-01
1.498921040414763439e+01
4.220904667793594456e+01
6.421806293791297549e+01
7.473928259874352875e+01
7.412771438645299327e+01
8.134669159971878116e+01
9.722401710366480643e+01
1.238981092234273973e+02
1.377006497112045622e+02
9.116882503961910800e+01
1.426182907719446575e+02
1.491145396297935690e+02
1.894095137523121934e+02
1.878414241815418677e+02
1.741367223357389662e+02
1.681035596287367753e+02
1.683849496141927560e+01
7.213460594290406647e+00
-3.796029127241051793e-02
-2.847529516378783931e-01
-2.249938101867918760e-01
-1.593036114782186985e-01
-8.397273907280161653e-02
-9.367439826766521538e-03
-3.759453664440803866e-03
1.473334643280224121e-01
3.329792879516344506e-01
5.937580368060420000e-01
1.076610453823641622e+00
1.632280430043636876e+00
1.974570687986153983e+00
2.574792638153867053e+00
3.681697752964569137e+00
4.394357102007596438e+00
4.930771334224724356e+00
3.588597259931676220e+00
3.393336910120317906e+00
2.592473026880890874e+00
2.216491162916483404e+00
1.811577467759085236e+00
1.468098151061525636e+00
1.177503951303577878e+00
8.616389346119047721e-01
6.515391349638243179e-01
4.818399002521219776e-01
2.928841445679749578e-01
1.478753642069114971e-01
9.006530154586089854e-02
3.839044966608462506e-02
-1.176571070225990168e-02
-4.427242719153495765e-02
-7.585642412688786695e-02
-1.502158722409843161e-01
-2.110414810580974465e-01
-2.525941437299662473e-01
-3.075551917597805218e-01
-3.353327770521937756e-01
9.053273494907486452e+00
1.297852354495368843e+01
3.957881897064585264e+00
5.590188097939575940e+00
7.730362707220625573e+00
1.038968437565933378e+01
8.331055954127771201e+01
8.220940024196157481e+01
9.923357916094107622e+01
1.266836427331014647e+02
1.452599378089856828e+02
9.112564998032719643e+01
8.608094873446084705e+01
1.415353143191231027e+02
2.440685225865632191e+01
2.304368087584541058e+01
2.220331602385011394e+01
1.942445664350277923e+01
1.205424157618169900e+01
3.573105980296897410e+00
5.985195211613710820e-01
-1.640977504896307115e-01
-7.314889837785876203e-02
1.134071820718496326e-02
1.161857270600592518e-01
2.435393257972152670e-01
5.724865806498378173e-01
4.005156988417870600e-01
7.988127992723363935e-01
1.135241280052720292e+00
1.643034933163765476e+00
2.503462214968522392e+00
3.671215755592291075e+00
3.470798871671118668e+00
4.805189121863699953e+00
4.246282601614321806e+00
2.916807896793901733e+00
2.546331790257362560e+00
2.098645453146455342e+00
1.682667944744277611e+00
1.747751953864134622e+00
1.510665393501440468e+00
1.336614256569689019e+00
1.158986360639028268e+00
6.880568774500989138e-01
3.872101673178806047e-01
2.338440849003695643e-01
2.502211032269984203e-01
1.287473842335286056e-01
1.991715449382402969e-02
-7.438715594484862637e-02
-1.434626741716539255e-01
-2.117872181638362217e-01
-7.977051630100712165e-02
-2.430797876492276077e-01
-2.665705122262924665e-01
-7.332140672419162897e-04
2.872994090770346176e+00
3.384666228236448138e+00
5.677343494349662123e+00
7.596714898245644498e+00
7.092766986624778447e+00
6.261733875392307525e+00
6.005277024626422211e+00
5.079477585012435625e+00
4.283550148506417576e-01
5.280095109325356750e-01
4.997203069822783172e-01
5.979147137324858363e-01
6.894404526337423178e-01
7.916407587110730892e-01
8.109383318147705966e-01
4.347679066052531738e+00
5.007644522248491548e+00
4.734176827039100033e+01
2.991328852473342437e+01
3.129850253272768157e+01
3.780308258913463959e+01
7.594346609369411638e+00
3.256935075308746708e+00
1.979772466249932084e+00
-1.720283741403373923e-01
-8.368927152074118192e-02
4.256265095621247774e-02
2.034905050686134365e-01
3.970606835881977936e-01
5.459009084772057374e-01
4.787290896335774093e-01
6.348385078381501012e-01
7.892721040912566988e-01
1.027375922722887136e+00
1.492458123557132144e+00
1.814651378862635056e+00
2.520265833590161986e+00
2.460130531296198519e+00
3.011385673024951970e+00
4.050927107038187813e+00
3.004039588707783537e+00
2.548882788495669516e+00
1.522018319326962077e+00
1.134530299538337728e+00
8.891936228915864326e-01
6.614511561298610509e-01
5.126155557194991275e-01
5.241822577452146525e-01
9.917058332878057048e-01
9.612202481044519464e-01
5.663120388954154372e+00
2.095756825297022896e+00
1.069323669695177781e+00
8.872991848773388313e-01
6.435316203895601328e-01
2.905795019681871594e-01
2.142193469536173289e-01
1.413222566275276204e-01
1.782101993291858921e+00
5.868910256931080482e+00
2.628696704788784810e+00
3.824931455595509622e+00
6.248807562105373137e+00
4.661062278535356818e+00
5.465511328681188497e-01
2.060893200161710848e+00
1.915330858892566601e-02
4.470435016715684640e+01
3.525589369275423479e+01
5.356652275754710502e+01
5.698601352432999079e+01
7.411240222770580033e+01
8.947719455100222774e+01
9.632892949532138971e+01
1.051540624643408961e+02
1.159155957097894571e+02
1.200757494117471538e+02
1.055948397669797316e+02
9.085925874168415817e+01
3.051257738648305917e+01
1.307642145971531278e+01
9.020299015897062844e+00
5.132745222709685251e+00
5.277365627689216687e-01
-4.631230894121052266e-02
-1.495709434367148982e-01
-2.159858727948903989e-01
-1.580146048938563808e-01
-9.882034139696510566e-02
-3.938636241498705282e-02
-4.406933649107563911e-02
1.133853717091379831e-01
4.411696702414671378e-01
8.057822378738388469e-01
1.421604387782354983e+00
2.350831864006166505e+00
2.672304388705581513e+00
4.993401507053204291e+00
8.828336121182875473e+00
9.932264756039174358e+00
2.619452507663169882e+01
6.206919338080579607e+00
1.595329134180853536e+00
1.331683902571948463e+00
1.100992896405822652e+00
8.552604052867095463e-01
7.145230132323665551e-01
7.126386455097082351e-01
6.701346559578339468e-01
7.047132813795257134e-01
9.122233525612145622e-01
1.386330724789317070e+00
4.358520758949309126e-01
2.666683187986911285e-01
1.284039078881934470e-01
4.847996596500936395e-02
-1.141908619474163444e-02
-5.324355202755914895e-02
-7.549970578752007722e-02
-1.511512913201107922e-01
-2.357883713356827560e-01
-3.084036134767752513e-01
-4.166838460873457106e-01
-4.669865602309084540e-01
-4.523506637560312238e-01
3.975546350571219989e+01
6.115150647263682515e+01
8.215202231823721490e+01
1.072802319559431510e+02
1.239215986640505918e+02
1.226269932465826287e+02
1.514567711376503496e+02
1.819348546835331035e+02
1.655666669596866143e+02
1.460270063183696152e+02
1.409742180081026959e+02
1.458415787241060286e+02
1.603973487956455983e+02
1.048450014010312543e+02
3.921204631643708893e+01
3.130798295961113809e+01
8.205184908506431007e-01
1.872569959310423915e-01
-2.112853671429551494e-01
-2.123284543931773793e-01
-1.405553449524685750e-01
-5.827039875537631808e-02
3.218080802820677544e-02
1.553559287025606528e-01
3.127443230044939515e-01
3.024263532324307224e-01
5.084206001737898717e-01
6.861278467403106873e-01
9.712625896435029826e-01
1.567399782940843256e+00
2.184019150508589746e+00
2.722810306836243921e+00
2.545680104426637946e+00
2.966192547672325652e+00
2.141326705424180243e+00
1.877258312342509949e+00
1.779397681514939045e+00
1.707992955361397502e+00
1.693677204194859787e+00
4.008461266632934894e+00
1.700230637071909001e+01
1.879912577584698097e+00
9.081357864905709176e-01
5.652641242353806383e-01
3.833477458873136845e-01
3.657096839975725322e-01
2.586132976814793372e-01
1.832426967350041513e-01
3.377737413108761189e-02
5.495982571851110166e-02
7.308765367367007215e+00
1.827258504137513029e+01
-4.226137490708060107e-01
-4.668691417332924143e-01
-1.202080782371453549e-01
-1.645160027659892110e-01
-4.133305838118307429e-01
-6.830388819154608049e-01
-4.175794777078945530e-01
2.268621273823069018e+01
2.146509386076998993e+01
-6.844506959129663670e-01
-6.898630922706835422e-01
-7.073908523984600016e-01
-7.011508425561935320e-01
-7.070111242378127603e-01
-6.973607791079327045e-01
-6.881722661521347817e-01
-6.188423932754502088e-01
-3.454903687589978567e-01
-4.301532900875698062e-01
-3.010113184954277266e-01
-1.721454917310124011e-01
-9.884580163537937114e-03
1.766044715067115467e-01
4.198946575160160677e-01
7.609640765433561826e-01
1.746369411082289602e+00
2.489050919316500909e+00
2.985368806443746248e+00
1.493025710447447807e+00
3.794886843173393309e+00
2.535137651521549351e+00
1.356990445115645594e+00
1.380344475259344339e+00
1.357314370226012201e+00
1.340113569841265395e+00
1.192608791238848553e+00
9.188137447137121328e-01
7.348350885604375549e-01
5.551556751019064428e-01
3.871019205276124975e-01
2.976467053916768135e-01
1.846479434088149629e-01
6.523216273998744263e-02
1.487933082468728685e-02
-1.503106353873923107e-02
-1.263823012526827938e-01
-1.838729992037770322e-01
-2.210960660086781493e-01
-2.576528465410917179e-01
-3.041563190323386401e-01
-3.380717161774912660e-01
-3.487894798033764898e-01
-1.657522880919019004e-01
-1.410063812896235058e-01
-3.164670445242229180e-01
-3.017768902023916233e-01
2.154179014857831032e-01
2.660787377584835633e-01
1.726638688733790339e+00
3.375587186717247778e+00
2.077959546744214236e+00
3.943074370303740306e+00
4.254497755194339703e+00
5.926053791151331129e-02
-3.017998374151937280e-01
1.755563083673039815e+00
1.467469545577072232e+01
1.312281926806691645e+00
1.515412868157276094e+01
1.099844799646982896e-01
1.531334939410932128e-01
1.294996671223689866e+01
1.348907366899739202e+01
2.879639364852686345e+00
2.609107603471598935e+01
4.998184834982673408e+00
3.207810546140523300e+00
2.548527095359606420e+01
2.102699100948620448e+00
1.699144294769454078e+01
8.913250201289345753e+00
6.742570500067053274e+00
4.122380758051610306e-01
5.793993850715516425e-01
8.025548812888388950e-01
9.747280856115355663e-01
8.099379894469165286e-01
6.418449287315629581e-01
7.760985716843217253e-01
9.334916078929265115e-01
2.236979722715003227e+00
3.188337523076247404e+00
1.580335414856716802e+00
5.258393392363770680e+00
7.780278008221980457e+00
6.816376281785355928e+00
3.465681010160787423e+01
9.083697711303297950e+00
6.162205942332857234e+00
4.413460771844950337e-01
8.673576829888637318e-01
2.288976824925181841e-01
5.563399422316394061e-01
9.738126394350143933e-02
7.633720043603631211e-02
4.065586477126259535e-02
6.139710954743438087e-02
7.390472752473487006e-02
7.992713016683250515e-02
2.998980189955835485e-02
1.194172257140058147e-02
-8.038657023598516638e-04
-9.271033350826241026e-03
1.182360117073288919e-03
1.894181556811647127e-03
1.913724214325229767e-04
-3.511733833008034988e-02
-7.712942597312744120e-02
-8.820938164168451445e-02
-1.801054105149825224e-01
-2.628528375083936108e-01
1.622900221312070812e+01
-4.043740000870482687e-01
-4.633718720040438388e-01
-4.930918270898412281e-01
3.097188059107216951e+00
3.599379661902196936e+00
-4.875368552846208736e-01
-4.726843841052555395e-01
-4.613300977742677000e-01
-4.443444466846647734e-01
-4.328628047482458996e-01
-4.307107125944082959e-01
-4.210681554017073891e-01
-4.187606732838639045e-01
-4.328281065668251326e-01
-4.377101648632033548e-01
-4.443965591511356839e-01
-4.623545864195511279e-01
-3.653020263376740573e-01
-2.593730779564912270e-01
-1.381815012662402364e-01
3.053982829851875636e-02
2.143471710728080959e-01
3.809135562494089244e-01
5.587949556369640192e-01
6.019283926338168111e-01
5.510803641736290448e-01
5.127684787064985539e-01
4.547442974271553862e-01
4.250211580414362533e-01
4.248669482221316684e-01
4.234415724715044904e-01
4.086274897008328466e-01
4.541877490818058138e-01
5.148505556045364084e-01
6.053795881186669892e-01
7.545800160767546227e-01
1.160190279191394946e+00
1.256943726404665895e+00
1.370981028795051015e+00
1.413000800226001941e+00
1.574084010016231439e+00
4.064138443694227831e+00
1.201841172527536639e+00
1.220834252454213953e+00
3.870513198715201941e-01
1.115555787761736140e-01
-5.525872331436365581e-03
-7.442269018254465962e-02
-8.673567393834075157e-02
-1.118764333008203105e-01
-1.389048762943430049e-01
-1.545714955144710245e-01
-1.875185443904080485e-01
-2.291899534569804553e-01
-2.578653854354016617e-01
-2.778098386852577151e-01
-3.055270674898995509e-01
-3.626735357323917497e-01
-1.792972403622482558e-01
1.057107726817623217e+00
-5.712144480760994458e-01
-6.258708420834615538e-01
-6.250447214644330174e-01
3.329916297609714348e+01
3.649786334379344055e+01
3.716695733931505430e+01
2.173520834996558193e+01
-4.900614265432292060e-01
-4.947534522300007787e-01
-4.664450105216130793e-01
-4.286624103364867211e-01
-2.058901527085034155e-01
-2.771558515235337250e-01
6.131984848868187177e-01
-6.677611120548765378e-02
-8.641474317190211973e-02
2.753225089884299148e-01
1.149887026652036237e+00
1.815754969496551130e+00
2.416630416936091041e+00
3.333753227019837340e+00
4.235145948107309266e+00
5.260149521417485374e+00
4.092359753758787022e+00
6.469961068485117650e+00
6.413954369889122376e+00
5.650118514527323832e+00
3.025919423448181433e+00
1.247194406347011286e+00
2.335983850507575177e+00
1.665892255199563188e+00
1.418668279999113713e+00
8.554696612287949753e-01
4.952750752664309974e-01
4.352487041715451532e-01
3.662288186554669700e-01
3.142312916516918353e-01
1.990285948977426056e-01
8.061394660191756323e-02
7.329213880003282444e-02
8.714861259369299784e-02
9.765403773794978370e-02
5.534640747245900272e-02
5.485291930235947078e-03
-2.682276137668648808e-02
-7.777307286111789786e-02
-1.071039367708733203e-01
-1.184893078320622406e-01
-1.348519304323843038e-01
-1.362314150263630452e-01
-1.409269788487822472e-01
-1.397373342797833540e-01
-1.278971673590207359e-01
-1.011990085090147540e-01
-7.913797974878367114e-02
5.039560554799746850e-01
1.026548171390484043e+00
2.526171112733351376e-01
-2.476012242621249970e-01
-3.377079822340182114e-01
-4.228418615455976637e-01
-5.422816270213481893e-01
-5.600501975399954091e-01
-5.305045941035442247e-01
1.393137177650544700e+01
1.541762433273458122e+01
-1.475955125874178209e-01
3.522296454619116002e-01
8.197270365033758610e-01
3.199116322557413294e+00
4.842557095315754623e+00
-6.243301837974779556e-02
-2.516458775533396142e-01
-3.886900499491221517e-01
-4.578775209100041099e-01
-4.869192321063925966e-01
-4.915982772561835468e-01
-3.814893003910316827e-01
-2.479222544712727516e-01
-9.067757361127121163e-02
4.592442065916998439e-01
4.072971095330226721e-01
5.826685501780550780e-01
4.161856041606251111e-01
3.304140590195054905e-01
3.211846217011465887e-01
1.502887317088523744e-01
3.674768600872304614e-01
2.481203099399094114e-01
3.246405715604826492e-01
5.101000799782276829e+00
6.842072168374225605e+00
2.954112528311295449e+00
2.437746892017598199e-01
3.057404529054894571e-01
3.445630370460736058e-01
4.469404399780690929e-01
3.206660148048059433e-01
1.879234332943471308e-01
1.001759484138088352e-01
2.458480711108412819e-02
-1.108763199838891378e-02
3.128566589030251643e-01
2.876067357897316157e-02
9.055176040475321209e-02
1.713797887790975416e-01
2.838366715317988120e-01
2.824966552075142134e-01
2.615578800260960346e-01
1.812595331761668316e-01
1.435659153808905852e-01
9.046582290440874363e-02
4.753048249006130987e-03
-2.005871601832698303e-02
-4.099684666014175027e-02
-5.338451823244927397e-02
-6.051259739763203971e-02
-1.197849795988824573e-01
-2.045445574398645494e-01
-3.026642545070019619e-01
-3.953217905726861270e-01
-4.394061890335348997e-01
-4.347339956162812880e-01
-4.377417743509216530e-01
-4.490922248140249984e-01
-4.609009897497158281e-01
-4.764129623018038551e-01
-4.915865089693811640e-01
-4.641118002520173702e-01
-4.283440562046637590e-01
-3.941443774162854408e-01
-3.620874754824207065e-01
-2.976240181971864796e-01
-3.585494686956909316e-01
-3.989703485198117794e-01
-4.264284142411214340e-01
-4.453085037013169156e-01
-3.503407216129458823e-01
-2.175115234571111111e-01
-5.226631895466932187e-02
1.209409680996835768e-01
3.264054066425536860e-01
2.736204488290066017e-01
2.539560116686037095e-01
2.542072509293664684e-01
2.507747792652714747e-01
2.730172370165517837e-01
2.839277658236599722e-01
2.549099426732253093e-01
1.972947775228155454e-01
1.675773987930436748e-01
1.345442721020094767e-01
1.376049837879641524e-01
1.845259058307244793e-01
3.130971988110095028e-01
3.822828305907003399e-01
4.879388905117224562e-01
3.695862742510263033e-01
3.425545309072067779e-01
2.498003585196854059e-01
1.983075312590358852e-01
1.195805891987362646e-01
7.701311777050912077e-02
3.354138904381986919e-02
7.220881651416988234e-03
-2.458973355926391546e-02
-4.546525363716807933e-02
-1.859328416797478845e-02
1.483786987407653690e-02
5.102894036268346145e-02
6.739613930170629263e-02
1.462725959537566345e-01
9.225156311370241724e-02
3.824332994563239829e-02
-2.046374286838303913e-02
-7.547683019219608713e-02
4.720251883560324102e-01
-2.312122154053132816e-01
1.770968641865135851e+01
1.975232430289375429e+01
2.399108807815082400e+01
3.274262826986093167e+00
2.750269263761558225e+00
-4.063740875229785443e-01
-3.806658909153657899e-01
-3.532528357667136243e-01
-3.403554470318679304e-01
-3.532464363700592025e-01
-3.580851244260660482e-01
-3.421317731026286002e-01
-3.397678962760976029e-01
-3.842074586706123451e-01
-4.020601220787082819e-01
-4.197887464570170257e-01
-4.293334404834077134e-01
-4.359592833668981537e-01
-4.103644484454260222e-01
-2.770505490329335796e-01
-8.343199267773915295e-02
1.447478885104638291e-01
3.411227247776587035e-01
6.215543250941202302e-01
3.649293563482677305e-01
2.734533833814987158e-01
2.109417131922252109e-01
1.512898485412973448e-01
1.491505465990807799e-01
1.180539802532820648e-01
1.125965825428061340e-01
1.214767322648848680e-01
1.171016415345527140e-01
2.027299410059996143e-01
2.537913975598157235e-01
3.132936106591800440e-01
4.168066709245090706e-01
5.117573263395247540e-01
4.258637908178156684e-01
2.369118913187746589e-01
1.549455315300465319e-01
9.653717848768494925e-02
4.981142138919691931e-02
1.853741859079494070e-02
6.659368196960624431e-02
2.687958163182541327e+00
1.277372350598472872e+00
4.494776266005888310e+00
6.362313816336982342e+00
1.444167731754169459e+00
1.362989319631997098e+00
1.712892712755750502e+00
1.715959381733957123e+00
1.190986998994673973e+00
9.346604552911972341e-01
1.387413497908037918e+00
1.221177492600385994e+00
1.505230563384517328e+00
1.970010394377221141e+00
5.368811495385662491e-01
1.133950586316888387e+00
9.695871806948004323e-01
-4.262036129436895804e-01
-5.014249007557318727e-01
-5.235862606463486113e-01
-5.359070769749076923e-01
-5.394150148381210430e-01
-5.473463847151253114e-01
-5.542772212457338643e-01
-5.529901574417723786e-01
-5.334381180455320948e-01
-4.999349437406572783e-01
-4.828475707771283099e-01
-4.540510420531000957e-01
4.662625883149479344e-01
-4.147882584435359510e-01
-4.079516008242560221e-01
-3.584584702462609296e-01
1.030657862618119536e-01
-1.199321578693556267e-01
3.606380077004522899e-02
1.568312286320504567e-01
4.057513271632254837e-01
7.338513724567212737e-01
1.836542393381962457e+00
2.564768265404560932e+00
4.800356163266831011e+00
3.860069869532456899e+00
1.797709970773295973e+00
1.417964562009505824e+00
1.067963005229111362e+00
8.698921034110129735e-01
8.464137577326537043e-01
7.626205939431099923e-01
8.142872769448901149e-01
9.611084221782908443e-01
1.045774854460391534e+00
1.731338660328112677e+00
2.181041993068434603e+00
2.514732286780186232e+00
1.760640797621274789e+00
1.417366968186090759e+00
1.027430001911340041e+00
1.490372541376778104e+00
7.494515164176158706e-01
1.120214147948188410e+00
-2.413955165122925184e-01
1.559379185040332683e-02
-8.599724101749456340e-02
1.338806612749762870e+00
4.949882047740317148e-01
9.861097437310588631e+00
2.422772577967868557e+01
1.862098649332743605e+01
1.656498641705151265e+00
1.059683640063040500e+01
1.052823562795157208e+01
7.723195239945688684e+00
2.809684741355421522e+01
-4.414007022448094286e-01
2.160793411866426084e+01
2.876284540605497853e+01
-5.834894834150097243e-01
-5.968253669091148073e-01
-5.414749630465885977e-01
-4.784791649338206998e-01
-3.973753588555462568e-01
-4.048236273498846960e-01
-4.037630582227639264e-01
-3.959077615146009421e-01
-3.879987281738800919e-01
-3.720438137399102452e-01
-3.723800768083056489e-01
-3.473216242934152875e-01
-3.307672992327774786e-01
-3.058779684592368153e-01
-3.029193530537375723e-01
-2.519814792773902301e-01
-5.852083193886509216e-02
1.655798979007900851e-01
4.604246062622308067e-01
8.437032080349268215e-01
1.072548155946448922e+00
1.267795805858244806e+00
9.725958024043933614e-01
7.641505873680820571e-01
6.252888084033692007e-01
7.336954142169224147e-01
7.199157949456450600e-01
7.728490567403188960e-01
2.499974323072636118e+00
2.373354455369526939e+00
1.401101800137189990e+00
2.568145072308872567e+00
6.774086498485374364e+00
4.215211272869646919e+00
4.571083497826583297e+00
2.565257414045498230e+00
3.212024255324624100e+00
1.335899950338124587e+00
4.712590380890075981e-01
1.797347336731338396e+00
1.808230070511328780e+00
2.076428745934292497e+00
1.947973596566097587e+00
1.897901610821152385e+00
1.518386820694767714e+00
1.527357230364274843e+00
1.122576434045629012e+00
7.470662760560021765e-01
2.154840228718991613e-01
-7.187666077845633605e-02
-9.395112449051817860e-02
-1.261638270620695224e-01
-1.721399243398772927e-01
-2.113966242792623129e-01
-2.159670142438580576e-01
-2.311420254128294660e-01
-2.454818762849010350e-01
-2.776667724693989703e-01
-3.070132725171096366e-01
-3.793923592428180558e-01
-4.467771096064837577e-01
-4.856255483926970595e-01
-4.730086508981609095e-01
-4.328319389610495449e-01
-4.266875865067341622e-01
-4.183272339230986736e-01
-4.184937422730493628e-01
-4.041790679746346537e-01
-4.130353660374267433e-01
-4.102401770591709851e-01
-4.061207234523700471e-01
-4.127239273279705856e-01
-3.957733930179513360e-01
-4.201855778887965132e-01
-4.189275288327388158e-01
-3.593726355316488874e-01
-2.689997829286595588e-01
-1.394102881144791972e-01
2.864460871593421665e-03
1.406614956515763737e-01
3.929411102004792822e-01
5.844699862639977095e-01
6.941783898299220823e-01
6.575326260922425448e+00
1.099252184248745579e+01
9.638735696051117685e+00
8.228807320981443851e+00
1.470302449146202228e+01
2.018860012569335183e+01
2.418861068576463680e+01
2.195623041659113284e+01
2.413125522530679135e+00
1.786991758958410559e+00
7.437278556091521109e-01
6.813265450566641235e-01
4.700629389381879575e-01
3.398292103138521592e-01
2.065263196446958105e-01
8.365542931824387907e-02
1.391877747242087349e-02
-9.362724522688714579e-02
-1.672106311891023434e-01
-2.107776353037335570e-01
4.790257185794182249e+00
3.357932753167548245e+00
5.065243997869075088e+00
3.207716512347490223e+00
1.652916767506248608e+00
3.591799242883114474e+00
3.648803963669067230e-02
-3.328286032649367954e-01
-2.925000324336782809e-01
-2.548071646358744946e-01
-2.206048697980868001e-01
-2.131879330456869504e-01
-2.513693904607101626e-01
-2.974822080838012694e-01
-3.365079174798088490e-01
-3.769584160887042845e-01
-4.101159488868629799e-01
-4.271280647663994179e-01
-3.461469187760733979e-01
-1.297102291400409335e-01
2.665124332325648493e-01
3.696084887630211036e-01
2.547359438738218129e-01
1.556401936611069292e-01
4.486248901688272284e-02
-5.854387633081614695e-02
-2.917508621410944691e-01
-4.057549678870074339e-01
-4.530197735033271167e-01
-4.973822798846956328e-01
-5.158398799086778563e-01
-5.230648375260529281e-01
-4.433733668755859281e-01
-3.536386600872857278e-01
-2.415455338123291273e-01
-1.124159662990888431e-01
3.111692646966257580e-02
1.956995118189499561e-01
3.691002901452848928e-01
8.031504563175166922e+00
9.673216222684136056e+00
2.377863163002900393e+01
3.850723404552415730e+01
3.295241557421032041e+01
5.066294007178078118e+01
5.263487736140582740e+01
8.388990090051681392e+00
3.427873301632279102e+00
3.769789248129935988e+00
1.816090125539150391e-01
2.069715185796164869e-01
2.282394267394929344e-01
2.137432157532709986e+00
8.026095733021088030e-02
4.796911522400415517e-02
-4.385529100335022745e-02
-1.300384488054773247e-01
2.180880985452867016e+00
1.547533905175668023e+00
-1.875745053748426594e-01
-1.331681719404174125e-01
-8.788199322640855016e-02
-4.970247049492709790e-02
-4.899354437744646296e-02
1.941932616139430134e-02
1.177994936834396711e-01
2.552596619269144052e-01
3.864693117526515342e-01
5.519255071176654148e-01
5.867755393568643285e-01
6.694422056270927790e-01
5.129549690497134939e-01
4.325727074460927746e-01
3.861229534505352667e-01
7.200954242347927803e-01
3.489852031619358641e+00
3.419274335740531967e-01
5.846090752702853832e-01
-4.632629285379403772e-01
-4.756855200166432152e-01
-4.796823930325623264e-01
-4.649767138538180578e-01
-4.344758831773736785e-01
6.065393264479290725e-01
2.738719376618695911e+00
1.625006653693172876e-02
-4.565914560865612648e-01
-5.303589854866894715e-01
-5.712390831890818976e-01
3.186201102800289675e+01
3.449550746395463818e+01
1.433032422764797609e+01
1.301331484402748018e+01
-4.199724527594140278e-01
-3.211815576010745854e-01
-1.675720268957939241e-01
-2.567318815992092329e-03
2.181064297716781564e-01
4.652494859605459387e-01
4.920047467834101074e-01
5.135772954649513444e-01
5.301130286220252508e-01
9.160524417269529929e-01
6.220365684346074175e+00
9.864420445363171197e+00
1.696855049545960981e+01
1.366308283478861796e+01
9.138354768492314761e+00
1.809771107619555286e+00
7.107901237248133164e-01
6.322217024719388734e-01
5.260648000861872786e-01
4.350768889313554322e-01
3.550155100785037376e-01
2.459190036652548761e-01
6.075624715631973149e-01
1.201481630307877913e-01
8.775514317128618735e-02
4.361256214729436476e-02
5.362172288551014798e-02
5.348400585769508275e-02
5.403050737100623113e-02
1.034665870410138577e-01
1.323280726405626773e-01
1.777369863591238275e-01
2.586078082362530672e-01
2.356828449142852611e-01
1.901898571534028637e-01
1.662014449792535986e-01
1.364973970327096886e-01
1.723739353114497330e-01
1.765171260485476346e-02
-7.699819165422161493e-02
-1.800163156474379744e-01
-2.612839090787031915e-01
-3.552406685906162043e-01
-4.076140275455726325e-01
2.476416853914648186e+01
1.461847949752873177e+01
-5.552890160031702660e-01
-5.302588936767185235e-01
-1.887364348534948943e-01
4.361241537349642705e-01
-4.670978072623159227e-01
-4.250212289310563163e-01
-4.294065915745534645e-01
-5.533135831455565645e-02
-3.971788734222612138e-01
-4.330448109536887968e-01
-7.810202341394900660e-02
-4.490814151943258725e-01
-4.016792171739950179e-01
-2.863306456033370417e-01
-1.649637406889925551e-02
3.938350932112668623e-01
1.595985153501781273e+00
1.487614899456544792e+00
3.144781682090425079e+00
2.585598080573545676e+00
2.093725247044464943e+00
1.405613653627764137e+00
1.030733491273289282e+00
9.265758570167070829e-01
8.067370337887134202e-01
6.751352061398845361e-01
6.644403081224783403e-01
6.711990342710164592e-01
6.097670032218651670e-01
6.924660253254690812e-01
7.312546570679386848e-01
7.600040472694321592e-01
6.976167572804533590e-01
6.942326392278429514e-01
4.797058435720970015e-01
2.152279078868751805e-01
1.044786785567992649e-01
5.015048343059325120e-03
-5.821279268318646505e-02
-8.634966829697776625e-02
-1.205791516848285783e-01
-1.321304318802719591e-01
-1.519946608890898054e-01
-1.790851527677215227e-01
-2.088337961124246411e-01
-2.159755813271994063e-01
-2.208468423407172754e-01
-2.284080517185936854e-01
-2.253804236817438245e-01
-2.536254796737011374e-01
-2.571987623445185500e-01
-2.976420252324786242e-01
-2.451655415285892148e-01
-2.579638981443191925e-01
-4.565729017978096826e-01
-4.969665667339920323e-01
-5.146590182702437399e-01
1.269647214044525185e+00
-3.610282222366645866e-01
-4.122638235882263302e-01
-6.430573371070986699e-01
-6.297563809311708116e-01
-6.080404417755416180e-01
-5.790178267746119989e-01
-4.864109603765734424e-01
-4.053474649412173170e-01
1.924358723970148954e+00
3.506655223807783983e+01
3.758081918878480110e+01
4.283231024839737699e+01
4.269114365594111860e+01
3.615743563537844096e+01
1.384366163124803784e+01
-4.535027710410878266e-01
-3.718650651072750168e-01
-2.621493920290950963e-01
-1.192358263280977049e-01
7.040260587220936728e-02
2.690298130047916736e-01
4.835863139601669358e-01
5.032408509323617052e-01
5.017133989945294914e-01
1.145843109523604575e+00
1.264160938299548675e+01
8.935178126918405184e+00
4.437778820944078717e+00
9.056772514567935417e+00
1.435986316996691547e+00
1.022997199937420110e+00
6.445075652185099369e-01
7.352728320500944159e-01
6.106554876135874554e-01
4.953270756646329653e-01
3.906002754770148133e-01
2.997409715029720756e-01
2.439806750598259022e-01
1.540956289507970922e-01
1.283970626017125749e-01
9.138008135160402556e-02
3.994928512438011836e-02
5.320264840405086737e-02
9.414958122936223361e-02
2.025916195660820707e-01
6.039241559732745346e-01
1.461781593240695454e+00
5.951818584921666044e+00
6.654014826392527837e+00
5.917017272681434292e+00
4.607154257001894848e+00
2.611075935576648188e+00
8.793375180696288984e-01
1.252925716160340874e+00
7.734651313346723178e-01
9.285777515612714250e-02
-1.357661245394276017e-01
-2.618018050270324859e-01
-2.918419259679811972e-01
2.143976247378640210e+01
1.239828314409808918e+01
-3.463815686726229304e-01
-1.793588510028290006e-01
-5.328537577395980884e-02
1.867207586556973720e-01
2.883972403774126558e-02
-3.201494108391153559e-01
-3.855505121973640814e-01
-4.473440457417292015e-01
-4.877396350450038387e-01
1.792457245785292486e+01
3.724694237068577252e+01
1.829441592011010442e+01
-4.474618492574483075e-01
-4.453442580534483497e-02
-1.320141406874861811e-01
-1.011257917265906414e-02
1.325079850176843488e-01
2.550076235778475642e-01
3.648783813994513903e-01
8.775960753200899855e-01
7.488224271100744067e-01
8.800070924193351685e-01
3.506169940844371169e+00
3.207143662069797063e+00
3.910761544437615367e+00
8.097216281913114599e+00
8.297861289504282922e+00
1.053958320295788731e+00
2.827602614097316724e+00
2.567609566142275312e+00
5.401431622462308235e-01
5.589928417156876383e-01
4.205262858962591777e-01
2.955637243313240514e-01
1.805111779835616437e-01
1.448805645287606358e-01
-2.401650676302935494e-02
-5.636347666530638900e-02
-1.322468129113203439e-01
-1.881262873983111650e-01
-2.506443968103634901e-01
-2.111935786708088458e-01
-2.126462305155184529e-01
-1.977237454595032751e-01
-2.138696043350981624e-01
-1.980234819575786842e-01
-1.919157445616443969e-01
-1.666570588070034886e-01
-1.074382068351668607e-01
-8.526774719525592738e-02
-7.005079759715260312e-02
-2.021825192281509476e-01
-2.608181409419055297e-01
-3.102077955167999446e-01
-3.500766141312633417e-01
2.828316371753404113e+00
1.522101130459012630e+00
2.362682028145173252e+00
1.989669777720935118e+00
4.669786090577739301e+00
-2.494624787504748364e-01
-4.339436922562500687e-01
-4.406582505659163429e-01
-4.450418330467187933e-01
-4.470399813693076152e-01
-2.759471722283030060e-01
-4.509592117383201537e-01
-2.444070427859066363e-01
-2.235180452699588871e-01
4.331595281755451499e-02
5.108754905428969373e-02
-1.977693759282574959e-01
-3.919585271230962009e-01
-3.565389686448793838e-01
-3.074094950733224918e-01
-2.081896036557296936e-01
-5.347269638735530073e-02
5.904091417079582182e-02
2.321163324906241332e-01
4.027553697873634819e-01
5.849276527577975671e-01
6.095418899285917069e-01
6.510866820713248071e-01
6.404521461456510467e-01
6.279673247660633173e-01
6.880955448848358191e-01
7.623101117027268891e-01
9.080574681643234225e-01
1.071071867533012423e+00
1.465755906370598716e+00
1.676274243718737011e+00
1.481433326654296501e+00
1.190743097293109454e+00
9.139287392935520060e-01
5.239898084506163789e-01
3.566704737754882171e-01
2.627554168662799006e-01
1.473379224924877828e-01
1.275027306066327526e-01
4.234087478788750580e-02
-6.789166314515093781e-03
-2.293391681480033695e-02
9.264245992842013999e-01
1.119874151312801214e+00
1.240180467771554440e+00
7.538971456239071944e-01
1.326290376097397861e+00
8.604835106189057115e-01
1.141965925713417151e+00
9.612756611250272698e-02
7.086817786192878277e-02
-3.074084403822147094e-02
-1.088991161486904669e-01
-2.014586216537166408e-01
-2.350056716406446755e-01
-1.289417676535428714e-01
2.804661981843831198e-01
-1.002999320674701766e-01
-1.823443344797427423e-01
3.298274651765406418e+01
3.630754105122846909e+01
1.970613618536638612e+01
-4.673943026072985840e-01
-4.791579894384520588e-01
-5.015470239410458886e-01
1.757294023291401830e+00
4.121837648950848809e+00
4.135001319159931299e+00
1.798069354196503600e+00
4.425958819510290354e+00
-1.109849409394875752e-01
2.045927466077027024e+00
1.848672741804977981e+00
1.669742951189078894e+00
-2.813268603992535866e-01
5.113561527793275552e-02
1.591451111424723397e+00
2.078544237785160398e+00
7.757979905509257978e-01
6.073820549892721132e-01
1.063099426309691342e+00
8.703286136221000113e-01
8.854084119167623390e-01
8.943588707121649106e-01
9.002896170660517061e-01
8.604539071261152472e-01
8.908144748772286459e-01
1.001727965926552111e+00
8.030242431675180814e-01
8.640631064924128024e-01
1.035270795477896133e+00
7.671784818460822830e-01
1.279325076215426460e+00
6.289165867474929561e-01
1.049663593244840154e+00
4.213432059177706357e-01
2.599472705553705909e-01
4.528834940474668613e-02
-1.188789754812557553e-01
-2.297679937130965855e-01
-3.199010087027056581e-01
1.979603081934593778e+00
-3.594568996254171589e-01
7.933328752436732856e+00
2.762690071707652795e+00
1.465959273294340059e+00
3.408214728203871946e+00
8.418890728769303777e+00
2.403664659030943618e+00
1.490790601870723364e+01
1.219680709252518369e+01
1.590888261922818536e+01
3.758887164560077565e+01
4.373236008285349641e+01
4.976948894731154382e+01
2.413980558842392909e+01
5.211841146401970271e+00
4.937334214199691651e+00
4.646555852139271359e+00
1.848684515288634422e+00
-6.309210426296563146e-03
2.283339394049008764e+00
4.439825238128593199e+00
2.029890003413405530e+00
1.636456749390563070e+00
1.901540581943771624e+00
1.667058542095812834e+00
1.960394228526983085e+00
1.748004162400658146e+00
2.022176173017725009e+00
-2.881137238054530259e-01
1.202878729447787176e+00
-1.875643911354054616e-01
1.222763329428069312e-01
6.285402120533095660e-01
3.933936951614774857e-01
1.046462634544001791e+00
1.322026707621204000e+00
1.116491487314768660e+00
1.410777761444530709e+00
1.723674331622898848e+00
1.390495754211950707e+00
1.277138938207694308e+00
1.098111050694443147e+00
1.026763794496218907e+00
2.177474018775111375e+00
1.464509159584274078e+00
1.403904840126783515e+00
1.494712962540164281e+00
3.710569121322385477e+00
3.843397515519915597e+00
9.175796973922187849e-01
5.328795285501558565e-01
8.983162863477678339e-01
1.521397627993146928e+00
1.141564773423143464e+01
4.789170766216075403e-01
-2.819645355416389165e-02
1.926911687507779081e-01
-1.352403872590690614e-01
-1.640596667966436328e-01
-1.504982346093525214e-01
-1.463646008386397801e-01
-1.597936789978711136e-01
-1.662369720421453811e-01
-1.580619263894065818e-01
-1.611954484516191499e-01
-1.475215608576830872e-01
1.477477643444167654e+00
-1.491306579622099782e-01
1.370817206626990359e+00
1.870689670959097839e+01
2.063142467512253120e+01
1.101060221294328123e+01
3.572674281498489535e+00
-2.838239397614662485e-01
-3.370795019755326027e-01
-3.927271119706999269e-01
1.106273121444041774e+00
-5.233117106759443971e-01
3.401014196786697585e+00
-6.207786682289204716e-01
1.304943210969244483e+00
-6.167900001446020575e-01
-6.154460507351975362e-01
-3.734457625628268551e-01
1.779447004375861896e+00
2.013759343135491875e+00
5.165981507725769806e-02
2.059474853589770227e+00
6.422930037859653218e-02
4.444660519468390802e-02
-4.391624539534770832e-01
-3.992174246335260523e-01
-3.533464993076447236e-01
-3.380335970091628006e-01
-2.149177124068781253e-01
-4.867308635183292820e-02
1.585134052733583321e-01
3.983375515406275547e-01
7.015308603687527844e-01
7.343851133497221184e-01
7.637364232143748488e-01
7.055355282160646890e-01
7.293143149583845020e-01
8.366294975269746859e-01
9.234615042870563117e-01
1.119888394286499889e+00
1.235333716183397046e+00
1.494935604095629644e+00
1.466650936116213444e+00
1.246091795177180384e+00
2.253820698580111692e+00
1.454015246284554586e+00
1.135942169865415963e+00
9.864947480796795176e-01
1.194407326963483840e+00
4.223267726874604389e-01
1.998844358890294881e-01
2.284670608029047978e-01
6.376234716992158491e-01
9.804490115633283098e-01
8.017856123054787343e-01
2.005939310981252000e+00
1.374678751411641420e+00
4.487638364562089865e-01
2.168162765006580450e-01
6.420911179659072321e-02
1.369075416054355010e-02
-8.025798650299409420e-02
-1.529111593711425243e-01
-2.373082560570710653e-01
-3.092334008473102136e-01
2.463827370634488201e-01
2.567968374753845096e-01
1.494198993071103931e+00
-5.060056511003685475e-02
-9.580044397723930238e-02
-2.192561696829776752e-01
1.003134496845199841e+00
-5.637341298280231783e-01
-5.696296000551344108e-01
-5.741867524207300288e-01
-3.760135846119794789e-01
-5.727531666614300576e-01
-3.567861932040714557e-01
-3.458195544369162544e-01
-5.469708515270337301e-01
-3.268502708619494546e-01
-9.897226766688899113e-02
-2.887816532312931783e-01
-1.214570596819861681e-01
2.813832664560006469e-01
2.059237822431654319e-01
2.139211009733639202e-01
2.661711995847543255e-01
2.456906439088069050e-01
2.597967340239779599e-01
4.464338146588132661e-01
5.983574184224346171e-01
9.666810740032718563e-01
9.725643671759398590e-01
9.930933297083529565e-01
9.699308569263057622e-01
9.805057892432972322e-01
9.296738767239097756e-01
8.509711589079909100e-01
7.567854184407598606e-01
7.211263494543015407e-01
5.135371435203773816e-01
3.482324879288596353e-01
2.796692360310191194e-01
2.078617737062666837e-01
1.243728048175307688e-01
1.148239761162132000e-01
8.783848739135424744e-02
6.702947786652879714e-02
1.760250930970758132e-01
1.609187889036600039e+00
9.330973779564892823e-01
8.961714842068580822e+00
3.681796308362650194e+01
1.471375451724010119e+01
1.670934308672854485e+01
1.546370908403942579e+01
1.630496284225154824e+01
1.136208830009230653e+01
2.318987100080391883e+01
1.824868736735560049e+01
1.409325354449689627e+01
2.740844359630597182e+01
5.829319369276292662e+01
1.197937066797746581e+02
5.622004372424538587e+01
3.366130709731339721e+01
2.530030764214944217e+00
1.807045451871773523e+01
3.857754078912827822e+01
4.271066424294019725e+01
4.859760821450346668e+01
4.924643884232706625e+01
4.612064665505296546e+01
4.423805434761209199e+01
4.016500108643627698e+01
3.985012503286692720e+01
3.941721227029181307e+01
3.926097073338735299e+01
4.052533365382451791e+01
4.008306609358670158e+01
3.431000676543963124e+01
1.282704868365152073e+00
1.477038451186674095e+00
4.518102184920301800e-01
1.332514971801935566e+00
6.672671147946457326e-01
3.439192356764126934e-01
2.196491833278726991e-01
1.960436845071186207e-01
4.306650680409173093e-01
9.162139916781869564e-01
1.092003066862972105e+00
9.710496398408907659e-01
1.317100638892390707e+00
9.387897959877075094e-01
9.940863827597778979e-01
1.089506090550191431e+00
1.167376062399200887e+00
1.248487541393979772e+00
1.483686689487643262e+00
1.057614722536766472e+00
8.639039267317597526e-01
7.975517698641952924e-01
8.222247685254575611e-01
7.533397266983155038e-01
1.052720157165797144e+00
2.324410864660440446e+00
4.520789220120967622e-01
2.161752878895459862e-01
1.240249586479572619e-01
4.388601423297910920e-02
-2.903936865598749639e-02
-5.991030875376840426e-02
-7.108330104995830290e-02
-8.917717553688864207e-02
-9.355711606844063777e-02
-1.031453067588741224e-01
-1.131433309509972673e-01
-1.420887245007363964e-01
-1.676226280810456659e-01
-2.346043789210592312e-01
-2.862059066131605323e-01
-3.537056868440349167e-01
-4.102052510448067624e-01
-4.107542416056561563e-01
-4.008920524145985764e-01
-3.706932307313448582e-01
-3.817770146793583175e-01
-4.151507108680880243e-01
-4.146079090297682956e-01
1.028582698612568791e+01
-5.136937350708322692e-01
-5.041580388332065343e-01
-4.989330857905248662e-01
-5.056868473217785986e-01
-5.025108987715611875e-01
-5.045626936753888625e-01
-4.949703546904202778e-01
-2.814714699753857463e-01
-4.374032706996032749e-01
-3.776003459878092272e-01
-2.498973596142889386e-01
-8.648298007472055016e-02
7.661347789421402155e-02
1.486408910232278613e-01
1.527049936496445159e-01
6.819639098662177989e-02
2.669115346614385764e-01
8.436316932215266462e+00
4.227404912214192123e+00
8.961022880549933234e+00
6.522813063662471045e+00
6.447063284200529765e+00
3.836249977173862735e+00
3.635155541959774084e+00
2.738124626939022921e+00
1.553558187613824693e+00
3.060083499802626061e+00
1.834534892634541947e+00
2.076397131907570248e+00
2.654236187453195672e+00
5.572375474331612288e+00
2.936388875440828272e+00
1.063203578093653734e+00
1.300180045763342784e+00
3.711918680637336099e-01
2.301004924568836874e-01
1.582796816423710506e-01
7.238634933960619300e-02
-2.605048110077745616e-02
-1.167606800897345032e-01
-1.920222444426694652e-01
-1.883160127855703081e-01
-2.428208258456930335e-01
-2.157873027929754772e-01
-2.187030590257559304e-01
-2.315158133674037333e-01
-2.376214267610830544e-01
-2.227220140798276682e-01
3.421080988035063442e-03
1.824270047320011301e+00
4.393864728554754961e+00
3.164190555609805777e+00
7.222145749377485435e-01
2.393531346996438991e+00
2.732833369640309540e-01
-2.984035426338491614e-01
-3.258642323493999848e-01
-3.757568431311560375e-01
-4.023194044786855272e-01
-4.427623223600984370e-01
-5.305950719527467996e-01
-5.337041480818358608e-01
-5.381708487820708875e-01
-5.400372934722217355e-01
-5.536105602123155833e-01
-5.595598833523900417e-01
-5.830362782375230202e-01
-4.173596732691911559e-01
-5.510691488841282792e-01
-5.163496012194082052e-01
-5.096061643754650206e-01
-4.442346709065174148e-01
-4.169933892595314440e-01
-4.203368482846133736e-01
-4.320765034409149719e-01
-4.551520360582880786e-01
-3.616252177472736307e-01
-2.607033934518417362e-01
-9.680293772703058020e-02
8.666553254271880391e-02
3.228799894014109384e-01
3.300843081027864390e-01
3.477346752146648345e-01
7.580329546151090003e-01
5.519954754224137838e-01
7.325128324602151464e-01
1.554621573961885161e+00
2.160560362813985336e+00
3.476602955562736241e+00
1.109045165635333952e+00
2.972392024649704201e+00
2.879815712561086372e+00
2.917563179802257434e+00
1.608591805942797048e+00
2.334857484439300634e+00
2.295705384361304890e+00
4.654407671806934932e-01
4.094990613250808487e-01
8.908060817506473494e-01
2.034458157934431188e-01
1.017447692920365743e-01
8.045756898088018971e-02
3.356686199660663394e-02
-2.776808628631133313e-02
-5.917393214403054991e-02
-9.050338460859341794e-02
-1.055677875003016020e-01
-1.641721011401113262e-01
-2.167055933905177034e-01
-2.635320982833259107e-01
-2.948306639673363150e-01
-3.353559973661970894e-01
-3.287825691416763618e-01
-3.098170992262772039e-01
-2.615595934425203328e-01
-5.413398235446398310e-03
-2.785855624143616649e-01
1.983272211482234315e-01
2.040201262537682414e+00
-4.566753061815287951e-01
-5.415326783779828013e-01
-5.425670861929372535e-01
-5.304388062441627305e-01
1.265831169504740039e+01
-5.212934091736042275e-01
1.275918790824739268e+01
-5.404056424076986165e-01
-4.914976835294908031e-01
-4.382066690962618249e-01
-3.599023584955431398e-01
-2.684602535000611412e-01
-1.607597257759076914e-01
-1.806914080242350007e-01
-2.380689606992313356e-01
-2.666837627638837249e-01
-2.932779077170361570e-01
-1.580727147803271948e-01
-2.692914927923673041e-03
1.997788109871168061e-01
4.372221160372991022e-01
7.387607637141987427e-01
7.312089149264340282e-01
1.248361825387418023e+00
1.237570993876717207e+00
2.592507743899872263e+00
1.052888814401912398e+00
1.075000603280196199e+00
8.585643458563236852e-01
7.041133958968728290e-01
5.080798548815909088e-01
3.898379347707429110e-01
3.459835773588771923e-01
3.226005173621028232e-01
3.058086160236581641e-01
2.973943618523791077e-01
2.731323281456137231e-01
1.581604071398388101e-01
7.982571561234874657e-02
1.429162960863761267e-02
-5.985148502305270846e-02
-1.509668585880573621e-01
-1.462726899111544410e-01
-1.441331048426832684e-01
-1.690940109529636137e-01
-1.967476283550088634e-01
-2.048785608685357307e-01
-2.202280213397487252e-01
-2.585876394568371595e-01
-2.795659722174473893e-01
-3.035746047635684564e-01
-1.090073391271434433e-01
1.733504456141424788e-01
-3.548824135122327084e-01
-1.521683441464558584e-01
-1.864638898470443173e-01
-3.146633340358035991e-01
-3.306366802208117184e-01
-4.072240422976312613e-01
-4.405099417886284563e-01
-4.920716919797132327e-01
-3.429369241032251270e-01
-5.436844821646108494e-01
2.859916406497157482e+01
-5.329095074319982750e-01
1.292315427727175114e+00
-2.988942198221374302e-01
-5.216586184884122179e-01
-4.667901180722150434e-01
1.124223608868534718e+01
-2.038444362591934622e-01
5.925379952683496043e-02
3.954163602692479795e-01
3.208700694998031233e-01
2.090868546981781151e-01
7.337425464321147839e-01
1.643653238922602400e+00
2.413756021936460883e+00
4.785211844897606426e+00
8.907071819922652622e+00
1.779682759155319971e+01
6.737344146861857119e+00
7.024913488904755532e+00
5.703973576101742715e+00
7.623942965373532665e+00
6.590904538172731364e+00
6.827638394146882561e+00
6.925143392328651615e+00
8.747990734757379983e+00
9.053212489482717729e+00
9.162399355802776313e+00
1.842591239819277638e+00
1.751262685278551778e+00
8.541776983155006109e-01
6.519951602480494879e-01
5.000566950802199928e-01
4.159832312475006955e-01
2.123859713026033935e-01
1.288939320578281755e-01
6.951881739370457947e-02
2.030414337539243608e-02
-3.697059212782821680e-02
-7.356477104315350957e-02
-1.049239723425165471e-01
-1.589233798604435810e-01
-2.187071196338351564e-01
-2.717104244017254921e-01
-3.110186350539103639e-01
5.969087174841055443e+00
1.287830766662382587e+01
1.240194363784786447e+01
3.622703286223116947e+01
1.276178505750468339e+01
3.697134025009646052e+00
-3.173705768376284264e-01
-2.664840095088102379e-01
-2.186198103009815430e-01
-2.647961523060072819e-01
-3.250541281726032072e-01
-3.884314743832971151e-01
-4.492568874572036575e-01
-5.212144713875372926e-01
-5.232991586017927688e-01
-5.190186900423570115e-01
-5.206260794839194794e-01
-5.234956546545470601e-01
-5.304417706344635164e-01
-5.070111302944235732e-01
-4.675049444722249037e-01
-4.219753122990445582e-01
-3.702288794137826855e-01
-2.891874630891498876e-01
-3.151795795397511757e-01
-3.633268338373840667e-01
-3.694313145906457097e-01
-3.767605161518820522e-01
-3.931477743175637030e-01
-2.784335931889288518e-01
-1.269804138033449048e-01
6.300471397169604693e-02
6.515413223384737273e-01
1.177655775483004597e+00
7.720678506327094404e-01
1.408138140425581497e+00
1.874127054486791177e+00
1.796605240519386637e+00
2.237806021930260236e+00
1.259376090421814975e+00
1.028764773044914538e+00
1.439973240449643699e+00
1.933969352268057662e+00
4.647781591868133111e-01
3.534753934961500921e-01
2.798006391119031155e-01
2.156831517883035509e-01
1.642955921314185330e-01
1.272708720508782809e-01
8.269033924826918458e-03
-1.034827918514578671e-01
-1.472820079924243575e-01
-2.184358742159416833e-01
-2.799766959032175540e-01
-3.259207626833700577e-01
-3.625796620048772345e-01
-3.749962830400173641e-01
5.703695730831682909e+00
2.631070778230142793e+00
-1.330990176656807744e-01
4.066854439368345453e+00
5.007974124443633102e+00
5.040862828336280188e+00
4.685887812448196854e+00
3.304399029107668362e+00
-3.983484195227963709e-01
-3.557553191922854796e-01
-3.099113186717099566e-01
-2.598803614309153631e-01
-2.960975169550620900e-01
-1.545317698757904812e-01
-3.692963125449451045e-01
-1.663582927497847530e-01
2.340365276087776891e-01
4.300702790894105343e-01
5.724515341340470354e-01
6.514586282854095689e-01
7.638240017299718909e-01
7.138617301990903830e-01
6.217198927450041657e-01
4.707297638722583999e-01
2.931682282444740828e-01
3.342452634452286464e-02
-1.541358344370148403e-01
5.115425406405832431e-02
3.750032092909184600e-01
4.491195237519893801e-01
4.172880464634083353e-01
3.485154963616734491e-01
1.687415713656085225e-01
2.608353967303176368e-01
4.003661665596041086e-01
4.451652595459337780e-01
7.309811111966105779e-01
9.858686347859486609e-01
1.255646749089906145e+00
1.635272453757838473e+00
1.844317768503713983e+00
2.608448518394851146e+00
2.067266974424254222e+00
1.599443754481048252e+00
1.323400225902488847e+00
9.368272168996018001e-01
7.103212857566900684e-01
6.233095133750684580e-01
5.664154703249422163e-01
5.098910602813725435e-01
4.292457434762527724e-01
3.493003984124741779e-01
2.505870069249405141e-01
1.783738481977206192e-01
1.041566451030071505e-01
5.543001582822859596e-02
8.120218629889319750e-03
-3.297739123299547881e-02
-5.391037874769155636e-02
1.155108382215731533e-01
1.121052687185529084e+00
1.665161709867485573e+00
5.879263857852115471e+00
1.005322648810326314e+01
1.325189652783581984e+01
2.029936939888458269e+01
6.760895598803426765e+01
1.929402085234066178e+01
1.282983955078818283e+01
1.017698683261734738e+00
6.786571075259916208e-01
2.375998841749720203e-01
5.252233068732227173e-01
1.605373360113087622e-01
-1.767564404648187537e-01
-2.907021564552765280e-01
-3.804644570204520626e-01
-3.933043092396143470e-01
-3.998886315328435415e-01
-3.974652507991609518e-01
5.078268382976958151e-02
-4.433735778151731699e-01
-4.250798918295969897e-01
-4.223110582076975428e-01
1.133097617562618531e+01
9.278099803766210130e+00
-4.208551302323275123e-01
-4.289812628637557079e-01
1.112899391538502769e+01
1.097387058387871583e+01
-5.074293894400242477e-01
-4.760693397069492017e-01
-3.758809115543036428e-01
-2.621101350463215796e-01
-1.260905836997321394e-01
3.645084047067825850e-02
2.472179617666805385e-01
3.340169820736702544e-01
4.339109394134594844e-01
5.629321987549591455e-01
7.078408431332080530e-01
7.126266536784773287e-01
6.907114355014593032e-01
6.526400289572011904e-01
5.760578109280921622e-01
5.481067126736456352e-01
6.135799997328150734e-01
5.945087219687227309e-01
5.947360950228921528e-01
1.048662626133261444e+00
7.222348289557349865e-01
5.371039872720630992e-01
4.523367959674017280e-01
4.025166701442977057e-01
3.027571419411275722e-01
1.937040350978673775e-01
5.515077445747440521e-02
-1.053328989568536045e-02
-6.591700418165402642e-02
-1.036917386803153374e-01
1.497152802034998897e-01
-2.002682970088662806e-01
-2.208396313320335480e-01
-3.438269268216364027e-01
-4.089544230143138948e-01
1.053562941436108247e+01
-4.761633835380130186e-01
-4.131415561632917344e-01
-2.278603917424821823e-01
-2.007540304390109664e-02
5.259036314562515191e-02
-2.879698617429514718e-01
-3.982828535815962634e-01
1.482905834583268856e+00
4.751480480256797811e-02
2.380276620994683512e+00
2.328482593766802111e+01
2.476767245903646941e+00
4.674756430423745002e+00
5.458154056582479541e+00
2.284566057485239554e+01
2.483103393114202362e+00
6.852868902539499540e-02
6.945256435510055448e-02
2.375486585194159783e-01
8.379803252408923875e-02
6.646887238524068486e-02
2.611988831948397483e-02
-2.000710606577532635e-02
-6.831567785107850455e-02
1.128376309527226451e-01
1.325803097055524016e-01
2.655257081547347520e-01
3.113500558824998654e-01
6.303148768081144881e-01
8.165427244720799838e-01
1.116575667533787675e+00
1.060531979698609906e+00
1.010930075385512605e+00
9.352394157466237257e-01
8.744572007315679629e-01
7.194199175781631483e-01
5.629615306356559046e-01
4.630119162129411325e-01
3.809775146814350366e-01
2.891580460942023700e-01
2.814116351760316270e-01
2.821551030029113560e-01
2.485219194123574615e-01
1.953600169085295546e-01
1.829350192710017531e-01
1.169492014187831774e-01
2.523180775646416407e-02
-6.643347169487834325e-02
-8.329774792604854872e-02
-1.229063452089340647e-01
-1.633410345631368665e-01
-1.551652745377109510e-01
-1.320620450384272782e-01
-1.443149375765536702e-01
-1.978612238675798718e-01
-2.609656749519447816e-01
-3.247460582272058693e-01
-3.814306040386268304e-01
-4.610113216608540676e-01
-4.626559464003130451e-01
-4.418084643467907746e-01
-4.127951177445009501e-01
-3.541739932698175775e-01
-2.207468509032681769e-01
-1.186129004074266691e-01
1.354482772319662409e+01
3.470912058512371168e+00
3.685341330042029995e+01
2.356270181014718901e+01
2.562812210177009575e+01
5.386354132011407359e+01
5.665554232567124870e+01
5.482846891256342303e+01
5.158410334618774584e+01
4.606103251596343284e+01
4.784842940775538622e+00
3.663490919002930468e+01
-5.145990754658175126e-02
-1.789795176354831985e-01
-1.615430891284186377e-01
-1.967198915582483720e-01
-1.012892119808366798e-01
-2.498795057038746825e-01
-1.259729328959148242e-01
-3.166693346118729102e-01
-2.044776692414289054e-01
-1.458356344555833406e-02
3.129152167210778046e-01
6.632851521557904251e-01
7.755134684363509390e-01
1.094517090020613592e+00
1.132664958989550108e+00
1.220826848563491440e+00
1.358537803675354150e+00
1.305787210939649778e+00
1.120065518973253127e+00
8.977585911818393161e-01
7.729888287816688575e-01
7.459587408663660435e-01
7.634334992540523501e-01
7.937863072463562375e-01
8.840537555562653083e-01
9.375049027375409461e-01
8.540769325200200379e-01
7.686070462502679890e-01
6.287786383192568440e-01
4.410237522474564908e-01
3.855479148022171731e-01
2.515025685718117465e-01
1.459487654847161364e-01
3.475760155961560294e-02
-2.169635360094679388e-02
-8.745612027410021305e-02
-1.091559040084073562e-01
-1.943680459580957587e-01
4.527507461671188338e+00
1.335042924075537485e+01
1.081710808927706502e+01
1.161972518996896397e+01
8.291562893303821014e-01
-4.554936676952171526e-01
-4.387100675929885285e-01
-4.176276863502887959e-01
-3.942879122536840919e-01
-3.899679648334953286e-01
-4.184276762629544066e-01
-4.720556825866617512e-01
-5.188276604051442753e-01
-5.554280687653945225e-01
5.218428268594172081e+00
6.250245715450176931e+01
6.274126715595469506e+01
6.342194823555615812e+01
6.426626667285124483e+01
2.085580314659442713e+00
2.265187777342546838e+01
3.845354253244494203e+00
1.459821823500069193e+01
-2.884241153989038908e-01
-3.185837566278800215e-01
-3.172186983891930878e-01
-3.173666142571283100e-01
-3.260622903696430153e-01
-2.055678333893298793e-01
-3.415386570347812567e-01
-2.359873702298578846e-01
-6.369929302333499077e-02
1.333159647479549292e-01
3.682653170431533507e-01
6.565106388257107017e-01
1.062114610661675895e+00
1.006764299754713266e+00
1.203757625244684659e+00
1.377473188247063662e+00
1.381382451595630556e+00
1.386635017058631902e+00
1.335576561998696343e+00
1.082896543072552786e+00
7.491393897238765032e-01
6.218766927433861946e-01
8.609700271596933963e-01
5.161705366877512580e-01
4.739029328682302644e-01
4.676978170588816930e-01
5.229408575388987401e-01
3.783428202231282622e-01
2.215404071311675160e-01
1.098236881356884354e-01
2.364173699249727534e-02
-2.812537335227793811e-02
-8.592123195830109195e-02
-1.267097398219358406e-01
-1.161580487227488190e-01
2.934836301628923838e+00
1.770604613295872154e+00
4.095894186248898450e+00
5.071604514556009136e+00
5.059033777766130946e+00
4.295996426414097513e+00
1.829663359276647583e-01
-3.199841463269583186e-01
-1.267922571863568382e-01
-2.812953444030773520e-01
-2.621845315129399667e-01
-2.792627743297469434e-01
1.904824719206138539e+01
-3.509836424677020283e-01
2.021828010456471958e+01
2.480523751758365592e+01
5.134892944157799377e+01
5.863670420699986607e+01
5.778760541702571629e+01
4.389076479808205278e+01
1.207575836710024220e-01
-4.801075616575559146e-01
-2.236270746045646018e-01
1.440384601089269268e+01
-3.281618764464950821e-01
-3.355070555104315844e-01
-3.698424613285166140e-01
-3.578094433359514381e-01
-3.634604570457189432e-01
-2.036610588415916356e-01
-1.786321477859011964e-01
-1.713689824421661401e-01
-1.197211689102236631e-01
2.395682201738635886e-03
2.763655402580416087e+00
4.490142818801331481e-01
7.331703505150158895e-01
1.067958729813602625e+00
7.894657381231779958e-01
9.629314286829543379e-01
2.166060955291327694e+00
2.654376267382013488e+00
2.883396013079762454e+00
2.427102323014238117e+00
3.510452814558672419e+00
7.756431861863914534e+00
1.210611437364347687e+01
9.938379972695578601e+00
3.213536520531561802e+00
8.036194065805946085e-01
1.821797733310795087e+00
1.962968543940959432e+00
4.953732488813598067e-01
3.892877752140768699e-01
3.063220167565858798e-01
2.296216444734886508e-01
1.826754794644322999e-01
2.140595050247375841e-01
2.017490329595161835e-01
7.229258424344785494e-01
6.339586105835030017e-01
3.878637196390744002e-02
3.690680886209528055e-01
-2.302671640878404258e-01
9.561206901116714452e-02
3.089494848174412223e-01
1.463640018911390062e+00
6.259876284406251656e+00
1.994718823368724259e+01
2.450160915949669871e+01
2.626350628548522970e+00
1.179984268001742720e+00
2.733607626041292260e+00
1.681692850454223898e-01
2.185574266735852866e+00
2.673140059741351138e+01
3.902621219484713322e+01
6.258817094441602080e+01
3.589830358000295973e+01
6.278705930948440539e+01
1.186826727072702869e-01
1.558633946911164303e-01
2.164617822943164960e+00
1.768942538982598478e+01
-2.079913603106167685e-01
-2.452760795471134458e-01
-2.679807339401623079e-01
-3.115068866475939613e-01
1.968642893822317053e+00
-3.551017456856816468e-01
-1.728011837892171609e-01
3.773094457661008150e-02
-6.801479363199164352e-02
7.758303617660367024e-02
4.350048318930216373e-01
6.739368512929945210e-01
3.998825239222181249e-01
5.662219553984194631e-01
4.534967129407321274e-01
4.321474880836027044e-01
3.487810576081066261e-01
2.689258324579525405e-01
1.724139027136560864e-01
2.808844362695143149e-01
2.720244313407427672e+00
1.942180662657935208e+00
1.319736068165783927e+00
2.689010265951930378e+00
5.038599689389323011e+00
9.111188974667509655e+00
8.180194455794471686e-01
3.399165307775984246e-01
5.547078733086585611e-02
2.379321779700016570e-03
6.716356026853853578e-02
9.399834753729907622e-02
1.163300386482221116e-01
2.166337149816963681e-01
3.875890601728757545e-01
2.629994421731851606e-01
1.707477485823060137e-01
9.022571810799129288e-02
3.557088985198544329e-01
-1.720347634635033263e-02
-2.515759591110683369e-02
2.202934083471308480e-02
8.290661366711971070e-02
1.279271515688571448e-01
2.078281709867713101e-01
3.158585279888548314e-01
2.908283403508270526e-01
2.655000163234942923e-01
1.124141364202360105e-01
-3.481137964872760282e-03
-1.290622622698314736e-01
1.728827944187494303e-01
1.893815943579080674e+00
3.474268667284201584e-01
2.132486389273786198e+00
4.528289310147353142e+00
2.583687559837812842e-01
3.572895754610300845e+00
1.335774981604409550e+00
5.007224242706030948e-01
2.304068975546546660e+00
2.200091431548260257e+00
2.059322078674886480e+00
3.213748864259704074e+00
7.693772381400363347e-01
-1.108076828660662927e-01
1.609608993643812713e+00
1.673843065009462006e+00
7.622076155595081115e-02
2.556024269252572534e-01
5.491080105197566619e-01
1.270740379789203178e+00
1.135966915695885149e+00
1.493726441471958211e+00
1.865959872189258295e+00
1.540485783253945584e+00
1.324562494789482514e+00
1.108342350343251459e+00
1.471245211717059131e+00
6.372403850165864192e-01
4.837314244155690446e-01
3.864092221290225115e-01
2.919372056196484211e-01
2.368469134247667141e-01
2.281219110597767497e-01
3.318406913406261038e-01
1.963572207273123205e-01
1.336700492483259284e-01
1.866730347482563612e-01
9.759075879428566580e+00
4.226555510357710155e-01
1.768225215733568056e+00
4.137842988083669127e+00
-2.092308503674652487e-01
-1.241859108193771322e-02
7.619229216280887229e-01
1.061091075895962410e-01
1.003579619510325927e+01
2.363959131095761990e+01
2.762226571297895816e+01
1.426813157980564917e+01
-2.133756096069404640e-01
-3.975774575040298964e-01
-3.589971396013748040e-01
-3.129082044474121860e-01
-1.591180974816007176e-01
-2.950722401442475995e-01
-2.767329842723618150e-01
-2.261530020851563738e-01
-2.061690154154708354e-01
2.943979571441368392e+01
3.998206580872975735e+01
3.997276261952112009e+01
4.065287877319828169e+01
4.590860492980126395e+01
4.617535627255124453e+00
-2.741430974289374434e-01
-8.957667900744292755e-02
1.109102671417548924e-01
3.801364455383730023e-01
1.321367560266402119e-01
-6.741392261531747865e-02
-2.141191717105446202e-01
-2.518686705836348794e-01
-2.830892544831895008e-01
-2.764262903507981317e-01
-2.646721838769796609e-01
-2.686158383340238043e-01
-2.155122986484375724e-01
-6.877385185576651017e-02
1.094742002534133674e-01
3.225241554335258609e-01
8.766697565185335606e+00
4.951781626412943282e+00
8.928469747907011866e-01
6.999846387556534211e-01
5.230029375308362649e-01
3.849275548973932759e-01
2.803016808460839782e-01
1.700593996802317598e-01
1.866218656366958051e-01
1.790345330131291046e-01
2.145717638967383767e-01
2.171444124927123243e-01
2.020378531856749094e-01
2.888493845189563647e-01
3.282992471509450505e-01
3.330938311241117278e-01
2.552404624616995132e-01
1.793361857718117625e-01
6.781594496318177345e-02
-3.365635107672310111e-02
-9.621777755503047036e-02
-1.443196536021663645e-01
-1.736988102429931069e-01
-2.185190269863701573e-01
-2.639808498148312199e-01
1.203383615332868528e+00
1.315921842957584253e+01
9.987435754692258527e+00
2.709974632513604931e+00
-3.521494773019986368e-01
-1.564369654165050361e-01
4.568139387068731461e-02
3.519769357820838884e-01
5.068704778807462397e-01
4.000600075861179938e+00
2.341071639680282868e+00
2.216555063157244376e+00
7.886408312314324043e+00
3.781617817576488960e+00
1.107929181111127481e-01
4.202107980994409075e+00
3.209656327962149280e+00
4.454889269925995876e+00
3.890796941591121438e-01
3.457397524050800364e-01
1.272666900347569907e-01
3.469436965864066691e-01
3.766841715586723982e-01
2.010743919992786788e-01
6.742201347981591208e-02
1.031147166362043066e-01
-2.049668097708725045e-01
-1.037199430454837645e-01
-1.184631860429434247e-01
-1.421933449663024818e-01
-3.187997430473475946e-01
-2.535309509923978633e-01
-1.220455326520599737e-01
2.007173545603713194e-02
2.331836568880906180e-01
5.183004724411259811e-01
8.009420699635697583e-01
6.674211692165010756e-01
4.794123063636427373e-01
3.222940095969670793e-01
1.425290616144944522e+01
1.529137528921894473e-01
1.419763807485245888e-01
1.142086501947483512e-01
1.549957565310163821e-01
1.307560014756643518e-01
6.156134718290773300e-02
8.696672376010883276e-02
1.425304817661423806e+00
1.112108253123355084e+01
1.068347918906602967e+00
1.077427431367525301e+01
6.774483278799957375e+00
3.561675455203750840e+00
6.052979192489338800e+00
-2.377611765727295490e-01
-1.819450621253130285e-01
8.801935515488642503e-01
1.164373621115355473e+00
3.255416426768128701e+00
4.138652109789626721e+00
4.988002299244312709e+00
4.360710288976893168e+00
1.793052712939222415e+00
1.453901977093892128e-01
-3.713260639477915515e-01
-3.495201248859157173e-01
-3.078904154044308505e-01
-2.637205219467692596e-01
-2.337496227905727642e-01
-1.333917849494722363e-01
-1.462266213259277858e-01
1.771105844461543510e-01
-2.774644881140317376e-01
2.002500929393867324e+01
1.228459500132451510e+01
3.125366224603627430e+01
1.392960487487214216e+01
1.025757323734666215e-03
2.882233062830312775e-01
8.834392351610699023e+00
8.066136661711205136e+00
4.138670487408986354e+00
1.459606307330119090e+00
5.601297143464152306e-01
3.066344668279870067e-01
8.873000869560321302e-02
-1.318577881559979126e-02
-1.430260977593204585e-01
-2.381513863636848805e-01
-2.802298633232570002e-01
-1.819782780832121527e-01
-8.244832205996255325e-03
1.761940873138244656e-01
3.911507655273253059e-01
6.528511457589857292e-01
9.801884842608213910e-01
7.191181546487835918e-01
5.362524199598670549e-01
3.773615478505738530e-01
2.695960229165763611e-01
1.728962821497022073e-01
1.769668982773044963e-01
1.823242633835995274e-01
1.974469323449308256e-01
1.772961573328426521e-01
2.212930100198871042e-01
2.141118512670033835e-01
2.343648448295305720e-01
2.270687662740666912e-01
2.664774904716438186e-01
1.616232214625238361e-01
1.257358227475156021e-01
4.867485447339126026e-02
-1.135388339959658710e-02
1.540985208487927194e-01
-1.203480098165894407e-01
4.558450788017233135e-01
6.686601197998065516e-01
2.250511551644802211e+00
2.408049511771438222e+00
4.446031240717092103e-01
-3.500757018897056594e-01
-3.545770184987904194e-01
-3.718879581311769766e-01
-3.748496767163383980e-01
-3.593169370787565597e-01
-3.630140712743902265e-01
2.157752370185428425e-02
-3.600624330863845812e-01
-3.737048519050021333e-01
2.304014779692792558e+01
2.761678310252607904e+00
2.656051192916626746e+01
2.658373110817414187e+01
5.800548980708042990e+01
2.870943559875030360e+00
2.498389352907224037e+01
2.229620255808898222e+01
-1.444937530746628340e-01
-2.853088663926496293e-01
-2.808260415231614293e-01
-2.925389079950191373e-01
-2.899972304773071885e-01
-2.895019618616305745e-01
-2.897949788803274584e-01
-2.924348716343973531e-01
-2.719982667609611715e-01
-2.702642010858455346e-01
-2.575889941004693151e-01
-2.380750046398625863e-01
-7.448083991487003397e-02
1.567993649220007502e-01
1.000660921826976413e+00
8.993463641898485905e-01
1.398185035474044380e+00
1.791253394634118035e+00
2.478263405610220182e+00
3.332407030956022531e+00
3.012488036703418803e+00
1.758357694452988396e+00
2.454141737252821365e+00
1.269342008101844943e+00
1.275305101286868803e+00
4.058097884621075790e-01
3.691694614664584595e-01
5.384323280832887804e-01
1.489684975538225764e+00
3.603475571823598678e+00
2.935111436490505099e+00
3.089847172483674687e+00
2.276796803597729291e+00
8.913988552868534754e-02
2.062050724107655775e-02
-7.436073526502290365e-02
-1.540660453706805266e-01
8.840036554033923188e-01
-3.359896656316109786e-01
1.251934804596633644e+00
1.479773677981318691e+01
1.684753642666583673e+01
-4.991718123494189308e-01
-4.519565951488183631e-01
-3.991957316054565164e-01
-3.354971483259149290e-01
-2.688049133213489261e-01
-1.928372054651082967e-01
-2.020336786906200555e-01
-2.196970063683980623e-01
-2.612039359770648717e-01
-2.638611752905988261e-01
3.575955687087294166e+01
3.763526871204970803e+01
4.361850917887123558e+01
4.830270553421212298e+01
5.345691551658501339e+01
2.890883538974507871e+01
2.627358169067859350e+01
4.875023176676201331e+00
2.545624897152966248e+00
-2.094444047545005461e-01
-2.195840525895351170e-01
-2.511113893261209262e-01
-2.799594282618108054e-01
-3.162988289529778951e-01
-3.685671445100190957e-01
-3.726791699726219598e-01
-3.668032538382695606e-01
-3.555896007928069369e-01
-3.467577702341356760e-01
-3.336723895073851476e-01
-1.772192152816142174e-01
2.395246751285662334e-03
2.444637616368363631e-01
5.358059974551212523e-01
8.843304423835373074e-01
1.091720395252636200e+00
8.546151533975948622e-01
6.204522084517167801e-01
4.266796411554667490e-01
3.020580745512250198e-01
2.985575358812009306e-01
3.379280657906951202e-01
3.729413312702077876e-01
4.155725309425716274e-01
4.733707943753920899e-01
4.892429142898805372e-01
4.741746433309181885e-01
4.311129954316048618e-01
3.756737134311070037e-01
3.661713728194625261e+00
3.328306433674711240e+00
1.697803389548990793e+00
5.290401686955068072e+00
4.830356999504993354e+01
1.547375019387443551e+01
7.296395891980643533e+00
1.898358108325456328e+01
1.004051570416979544e+01
1.267668717637462805e+01
1.015398700179633451e+01
1.274433121104096900e+00
7.247432627327088372e-01
4.309414445434736063e-01
5.627208900644561362e-01
6.222931383163221586e-01
7.257320971935030673e-01
8.001629345176117791e-01
7.605937900555237441e-01
7.393146990169872090e-01
6.596726206441665408e-01
6.625923157834120447e-01
5.934916334767106338e-01
4.483503190461508581e-01
5.807268295488254850e-01
2.689309063672560285e+00
2.231154499147476322e+00
4.420514515995832561e-02
2.485935417102507206e-01
3.118442094611382220e-01
4.856320395664632805e-01
3.305285297200730721e-01
4.071953068617992777e-01
3.049658687798655343e-01
1.828582702013705763e-01
5.573890887189070220e-02
3.584137035057055609e-03
-1.300149368646791315e-02
-8.987128611034217451e-02
-1.353624265106362357e-01
-1.684127362387541904e-01
-5.781139106062832544e-02
7.549891079566639629e-02
2.199598492319245757e-01
4.173778857529322206e-01
5.685848079612459971e-01
6.978397893584928902e-01
6.959079269180502569e-01
4.437008078349089502e-01
2.960351416237241295e-01
1.382465509900603351e-01
7.431880850506333847e-02
2.189738695317466899e-02
1.830559347346449872e-02
3.996042867236826446e-02
4.514193259828891414e-02
5.491652121008461229e-02
7.088528455525167082e-02
9.050921400053368870e-02
8.005216635521050783e-02
1.445050967204533077e-01
7.131028519480542283e-02
5.575151974286374212e-04
-5.908064678709507023e-02
-1.521903027488588633e-01
-7.156492266979452843e-02
9.263495239949766091e-01
1.163617750653973992e+00
1.344742524128717420e+01
1.715636922401421671e+01
4.192212761559902745e+00
2.073564540787137922e+00
3.594528434106505355e+00
1.110669376384214146e+00
-1.490668283936110727e-01
-2.973916735533770339e-01
-2.974571710885486331e-01
-2.912230597705314783e-01
-2.787563594466556105e-01
-2.850400151823172523e-01
-3.022945689097702449e-01
-3.482491258536668521e-01
1.500704808265443502e+00
1.940885610783210069e+01
2.237898674223149342e+01
5.512509382712506678e+00
2.273416845189069058e+00
1.559492342966758205e+00
-5.508393658706683960e-02
-2.112953522657203265e-01
-2.194814249064179768e-01
-2.376904630691072939e-01
-2.535641581495028940e-01
-2.708755939902092735e-01
-2.656030556743496640e-01
-2.549552853388510898e-01
-1.163339970160572334e-01
-2.513290093039030060e-01
-2.517162387104859844e-01
-2.602051636369831500e-01
-2.215832172785043297e-01
-7.326174161524984241e-02
3.701115699899059086e-01
3.728793120283235840e-01
8.546385189239556368e+00
3.044598390197615245e+00
1.613518558391121616e+01
1.361337977631206364e+01
7.772541094428477848e+00
1.236700488631387262e+00
4.043478039813404035e-01
3.766025411732111250e-01
3.662185841149456778e-01
3.457549245000794969e-01
3.287655553648473061e-01
3.231351434697322667e-01
3.322090746813433082e-01
1.730591831007214365e+00
2.397861389360676387e+00
1.371048297182170028e+00
8.088342899441964828e-01
4.548264500807454036e-01
1.366566798082061718e-01
4.201142424501433936e-01
-5.575380551677544538e-02
-1.225504859337666619e-01
2.817165551410899305e+00
3.249581246416535674e+00
1.798346164236829470e+00
2.575251527841726507e-01
-1.050420638211108093e-01
-3.069458773431606446e-01
-2.920604939639381836e-01
-2.898156077212225012e-01
-2.609543774582527287e-01
-2.055358300485712331e-01
8.268770798611928541e-01
-8.041528654837981627e-02
8.996282270592721453e-01
3.005353925824594818e-01
-2.576020992114129715e-01
2.574192972033206850e-03
-3.706252030097236805e-01
-4.284678929877038800e-01
-4.376596699079502439e-01
-4.371335226196837453e-01
2.318610207410029034e+01
2.793715699406083175e+01
8.120276014968408340e-02
-2.271271835131061789e-01
-1.510423469038568167e-01
-1.100488213015365924e-01
-7.537375875625246247e-02
-3.474814434147732722e-02
-9.373071979654967745e-02
-1.023265251808815890e-01
-1.328090129067880376e-01
-1.627263237127941631e-01
-6.054126799692749472e-03
4.197879352266320474e-02
2.352816223025694375e-01
3.091703072978750910e+00
4.015759251372901240e+00
2.721112676864267943e+00
1.369993769258042393e+00
1.475622866025492641e+00
1.589717038732378018e+00
1.799416260162894021e+00
1.529379510870644943e+00
9.209301687230854183e-01
1.227516334997650116e+00
1.127285103718973502e+00
1.279250068370381577e+00
7.207842097231048406e+00
7.066765221893986926e+00
5.562206223113616232e+00
8.560429018342990304e+00
8.319778377384562162e+00
9.308774102826532726e+00
6.756096157886752884e+00
7.390707526876733047e-01
1.309399451746094067e+00
1.114961617333412036e-01
3.731140848142822097e-01
1.996011696152821813e+00
4.956879380010667191e+00
5.905661909170483170e+00
5.474088051468696037e+00
5.742622683205281575e+00
2.955347501424171952e+01
2.000651946035282513e+00
1.619223907318279698e+00
1.839708696487908357e-01
-2.362288168212876571e-01
-1.505330617911535551e-01
-1.915591025195477193e-01
-1.575242303722175774e-01
-1.679448208130658315e-01
1.618644891296385779e-01
-2.211874217793503017e-01
-3.012843884761257085e-01
-3.536486714595035719e-01
-4.373391091752375504e-01
-4.990894632572457912e-01
-4.928603524199619557e-01
-4.797108544344238501e-01
4.710886201640675353e+01
2.368519092984961105e+01
-2.636841137284822167e-01
-2.604985747045338584e-01
-3.163284510360979129e-01
-3.315429375644537990e-01
-3.370098929008787936e-01
-3.480074787180511553e-01
-3.543681073418465943e-01
-3.574569996606472566e-01
-3.685261700704310917e-01
-3.480207837486854472e-01
-3.394299814029723139e-01
-3.018733075364095075e-01
-2.474469245986349319e-01
-8.750784415433493502e-02
1.024090212171816505e-01
3.539654254742469197e-01
5.415720309910796448e-01
7.259966350140404368e-01
9.258556249566168850e-01
8.420377296943267753e-01
5.191414574591711739e-01
4.563148219405418482e-01
4.811508139045781451e-01
4.830540377598282475e-01
5.614883102111789537e-01
6.487999177692708175e-01
7.330272026134260210e-01
1.522611198938706334e+00
3.760150109615931768e+00
5.059042829524884155e+00
6.786523016873792002e+00
5.095808147055553405e+00
8.890266452701471422e+00
6.424977528078023248e+00
4.756093389239245184e+00
7.483731814440129249e+00
1.760068219719351390e+01
1.353619229241668442e+01
8.558650477977671756e+00
2.986847517819368392e+01
3.833018396611910461e+00
1.993731661666225508e+00
1.908723622243205131e+00
8.582680101891551061e-01
1.085586201496502312e+00
-1.710390113219102948e-01
-2.412123597074636305e-01
-1.693566258385613144e-01
-1.851580033160644678e-01
-1.559232543870656684e-01
4.349690924049282037e-02
-4.288552544295033409e-01
5.109259602784677057e+00
3.320156117336121326e+01
3.788562764488872858e+01
1.647430578495463926e+00
1.866229300361651688e+00
-5.034421546850456064e-01
4.096456474260523350e+01
-1.291839938690225731e-01
2.040126595417407707e+00
1.899687813706300021e+00
-1.254204014941668888e-01
4.404656608225394621e+00
1.391448537136221741e-01
2.149132188231276608e+00
1.875782514160675429e-01
2.156934105865103701e-01
2.455993291127378519e-01
1.910902080182175666e+00
2.602262167544775462e-01
1.932396363567128184e-01
-1.087647140508885002e-02
-2.912515826434658450e-02
3.116196296840799684e-01
3.761767888703606566e-01
5.145579351295986870e-01
7.968072525800176109e-01
1.005037250091308065e+00
9.423863454020073860e-01
3.275662852347505982e+00
2.879826785714606707e+00
8.571152341944678898e-01
6.580116424328351643e-01
4.441622466497898714e-01
3.342011122913137733e-01
2.807890451498906703e-01
2.245576402957865092e-01
1.834081350340164285e-01
1.633697422342004213e-01
1.423562807622444915e-01
1.917350987128473294e-01
1.185305599516162101e-01
9.252162183858148037e-02
7.846705087856697958e-02
-3.347355373866767181e-02
1.958099273757831105e+00
3.774695005926530733e+00
1.533503068507323874e+01
3.263737622095401747e+01
3.284596267574382011e+01
3.039853426860420882e+01
1.619748971914209745e+00
-4.290606101236427161e-01
-4.321341410637620228e-01
-3.733818936058881377e-01
-3.430551562896969053e-01
-3.040711273217164834e-01
-2.618992780467692127e-01
-2.046717397820230766e-01
-2.113186551672486257e-01
-2.261093156797420733e-01
-3.175193469508669764e-01
3.571175357918482174e+00
1.899249588207006623e+00
1.528537884050349405e+01
1.371660753993612225e+01
1.385857813782314540e+00
-2.980984704886825987e-01
-1.369796118557076725e-01
-4.665624403841406309e-02
2.582771363098569362e-01
1.426880748776372387e-01
-2.321855913150072670e-01
-2.640625169967830699e-01
-2.845518322598767913e-01
-3.042128974255872698e-01
-3.121990964610835695e-01
-3.477422722232056951e-01
-3.235786718098312420e-01
-3.167276876606410774e-01
-2.956725565209435413e-01
-2.743992801124874870e-01
-1.828314293708293015e-01
1.411189777141741430e-02
1.281797594057061396e-01
2.631375596327900634e-01
4.108679346726966664e-01
5.415299116763204745e-01
3.839213919013333420e-01
3.343509756903042529e-01
3.067765507720088269e-01
8.313325769936429355e-01
2.230204550647048478e+00
6.797810657601180750e+00
7.701972056364748020e+00
9.942181635383245952e-01
6.136326905093522077e-01
7.545512051815008725e-01
7.985921516486689242e-01
1.191041414448926083e+00
1.175959871672095147e+00
6.515823315448768804e-01
4.347869590491776348e-01
8.398027409534131182e-01
9.582682748725765975e-01
1.315000547960834654e+00
1.816967997231959231e+00
4.054364240543821829e-01
1.799237803673292557e+00
3.822335148939426386e-03
1.029318006217422310e-02
-2.010272487666564523e-02
1.017932770822171928e-02
5.557369773181330963e-02
-1.781526763619922793e-02
-4.080980708124903877e-02
-1.119559705182757714e-01
-1.914146315537795240e-01
-2.366132690926706084e-01
-2.996034797352116752e-01
-3.460917628343243568e-01
-3.653849492300121904e-01
-4.213115211311184161e-01
-3.829435787455803819e-01
-3.579958972932790195e-01
-3.490580274680328832e-01
-3.158931887993449150e-01
-2.839608871869474527e-01
-1.601956545295616374e-01
-1.601369122171208415e-01
-3.201343626812742649e-01
2.683085510925176109e-02
-1.562878762448861591e-01
7.223811111855549250e-02
1.087055592650921776e-01
1.072248328827701824e-01
1.106934183826093765e-01
-3.318282312694900149e-01
-1.440558632353860502e-01
-2.896600570800436092e-01
-2.689306407571828705e-02
-4.840913883422515163e-02
1.847332596847077735e-01
2.929860969569213491e-01
5.544139326789777611e-01
8.959348985823862854e-01
1.130107630719944911e+00
1.921994844091220900e+00
1.519968110769479352e+00
1.599005891962508530e+00
1.574588345253709276e+00
1.124704875293236928e+00
8.144067138900457081e-01
6.928116437948811379e-01
6.254714838553874223e-01
1.841357980216753454e+00
5.660734793981408997e-01
5.292643562259318202e-01
4.973854660343914880e-01
5.446781186058605728e-01
2.447996905264326895e-01
3.485428059337370987e-01
3.707009743496242349e-01
7.171532928085795344e-01
7.430683562699655909e-01
1.944612949122447532e+00
2.542968332124110376e+01
-1.763747432350845634e-01
1.430410223246045121e+01
4.046331076852593966e-02
2.113310994486940597e+00
4.559114176027530441e+00
-4.543599774783391720e-01
-4.347479258279673964e-01
-3.983247904281272955e-01
-3.747967514460371907e-01
-3.517400609132276257e-01
-3.146352546838878106e-01
-3.294245068157776735e-01
-3.270870269161864075e-01
-3.446770622240268311e-01
-3.448262162677078191e-01
-3.801582859447609208e-01
-1.647138218420918232e-02
-2.627489671643865043e-01
-2.485755661209181344e-01
-2.260355845444477207e-01
-1.267471029909308378e-01
-1.610610093678419563e-01
-1.545524000399711717e-01
-1.732873583134406648e-01
-1.977657026742324908e-01
-2.214607032166471257e-01
-2.455013744635493600e-01
-2.844958648252123301e-01
-2.617696878118370152e-01
-2.685248156518281748e-01
-2.667744088830679150e-01
